cm/s2; dt=0.020
0	1.438
0.02	-8.478
0.04	-4.619
0.06	0.374
0.08	2.237
0.1	10.64
0.12	7.157
0.14	5.29
0.16	6.918
0.18	-3.725
0.2	-1.995
0.22	14.111
0.24	2.429
0.26	-6.277
0.28	-0.875
0.3	7.26
0.32	14.87
0.34	-12.282
0.36	-14.293
0.38	0.181
0.4	4.444
0.42	18.323
0.44	-4.513
0.46	6.429
0.48	14.196
0.5	-7.417
0.52	-0.844
0.54	0.41
0.56	-0.515
0.58	-2.151
0.6	-8.532
0.62	9.175
0.64	28.99
0.66	4.852
0.68	-22.876
0.7	-17.086
0.72	9.184
0.74	1.213
0.76	4.356
0.78	23.312
0.8	1.566
0.82	-7.634
0.84	-1.931
0.86	4.503
0.88	8.584
0.9	4.524
0.92	6.048
0.94	-3.837
0.96	-3.019
0.98	5.759
1	-5.995
1.02	-10.561
1.04	-1.151
1.06	-1.653
1.08	-5.18
1.1	-4.622
1.12	1.336
1.14	1.514
1.16	-26.263
1.18	-15.524
1.2	5.342
1.22	16.963
1.24	4.482
1.26	-4.221
1.28	2.276
1.3	-3.011
1.32	3.02
1.34	-10.375
1.36	-6.402
1.38	2.504
1.4	4.114
1.42	20.169
1.44	36.51
1.46	-5.07
1.48	-54.171
1.5	-51.914
1.52	-14.793
1.54	42.613
1.56	34.892
1.58	11.39
1.6	-11.479
1.62	-32.79
1.64	-28.666
1.66	-1.905
1.68	24.191
1.7	9.569
1.72	-8.388
1.74	-1.693
1.76	24.116
1.78	53.494
1.8	37.852
1.82	19.537
1.84	13.505
1.86	-14.614
1.88	-24.196
1.9	-31.298
1.92	-22.15
1.94	1.864
1.96	9.166
1.98	0.891
2	2.448
2.02	14.384
2.04	5.645
2.06	-18.644
2.08	7.143
2.1	29.715
2.12	17.714
2.14	-7.701
2.16	3.179
2.18	-16.54
2.2	-69.851
2.22	-64.928
2.24	-25.797
2.26	8.077
2.28	5.458
2.3	5.21
2.32	-12.989
2.34	-26.218
2.36	-58.615
2.38	-49.58
2.4	-36.137
2.42	-70.576
2.44	-72.409
2.46	-29.323
2.48	14.425
2.5	27.504
2.52	18.549
2.54	-6.635
2.56	-12.753
2.58	-15.809
2.6	-45.549
2.62	-62.771
2.64	-40.367
2.66	0.028
2.68	63.918
2.7	82.522
2.72	75.404
2.74	78.424
2.76	86.095
2.78	109.683
2.8	69.636
2.82	-92.137
2.84	-193.096
2.86	-173.795
2.88	-130.752
2.9	-123.459
2.92	-12.319
2.94	125.457
2.96	156.398
2.98	127.296
3	64.444
3.02	-49.094
3.04	-229.051
3.06	-197.644
3.08	19.23
3.1	315.734
3.12	365.361
3.14	201.535
3.16	85.444
3.18	38.167
3.2	-37.581
3.22	-85.662
3.24	-149.967
3.26	-229.475
3.28	-187.914
3.3	-79.419
3.32	98.216
3.34	116.858
3.36	75.366
3.38	12.862
3.4	11.895
3.42	21.498
3.44	32.299
3.46	130.715
3.48	203.993
3.5	190.246
3.52	90.73
3.54	23.81
3.56	15.019
3.58	24.512
3.6	-7.062
3.62	-24.08
3.64	-0.841
3.66	39.266
3.68	28.378
3.7	-55.978
3.72	-152.243
3.74	-199.059
3.76	-168.171
3.78	-30.901
3.8	80.336
3.82	48.867
3.84	33.66
3.86	-10.595
3.88	-64.887
3.9	-78.765
3.92	-99.626
3.94	-40.042
3.96	-65.192
3.98	-89.032
4	-2.377
4.02	79.872
4.04	151.899
4.06	186.824
4.08	124.39
4.1	-25.287
4.12	-95.717
4.14	-159.343
4.16	-201.131
4.18	-53.139
4.2	143.129
4.22	167.843
4.24	42.184
4.26	64.995
4.28	77.207
4.3	-24.331
4.32	-94.278
4.34	-78.931
4.36	2.912
4.38	69.646
4.4	104.264
4.42	70.388
4.44	10.964
4.46	-77.218
4.48	-173.188
4.5	-254.13
4.52	-221.456
4.54	-95.094
4.56	47.173
4.58	150.68
4.6	162.513
4.62	86.719
4.64	17.345
4.66	-21.518
4.68	-38.211
4.7	-32.834
4.72	8.985
4.74	42.72
4.76	56.246
4.78	106.546
4.8	131.94
4.82	89.878
4.84	81.087
4.86	134.452
4.88	188.769
4.9	187.996
4.92	51.253
4.94	-89.016
4.96	-199.519
4.98	-275.531
5	-300.035
5.02	-123.751
5.04	45.156
5.06	-1.442
5.08	-7.476
5.1	6.459
5.12	27.998
5.14	-2.239
5.16	-21.255
5.18	-77.824
5.2	-143.631
5.22	-152.923
5.24	-44.379
5.26	54.366
5.28	73.161
5.3	75.856
5.32	-14.551
5.34	-73.083
5.36	-27.288
5.38	65.628
5.4	137.546
5.42	122.409
5.44	36.579
5.46	-65.08
5.48	-106.733
5.5	-115.479
5.52	-107.811
5.54	-59.029
5.56	-26.98
5.58	-10.804
5.6	20.036
5.62	-10.129
5.64	-89.365
5.66	-73.073
5.68	-38.58
5.7	-25.028
5.72	27.558
5.74	80.689
5.76	145.522
5.78	205.955
5.8	241.435
5.82	248.66
5.84	106.525
5.86	-20.287
5.88	-131.466
5.9	-256.94
5.92	-55.963
5.94	144.243
5.96	149.172
5.98	103.815
6	37.358
6.02	-6.394
6.04	-51.105
6.06	-109.582
6.08	-168.177
6.1	-112.3
6.12	-1.509
6.14	72.642
6.16	52.005
6.18	17.51
6.2	-45.104
6.22	-54.947
6.24	-30.296
6.26	29.528
6.28	84.933
6.3	85.316
6.32	78.53
6.34	-52.324
6.36	-114.232
6.38	-180.824
6.4	-193.007
6.42	-118.332
6.44	1.025
6.46	57.765
6.48	17.628
6.5	25.097
6.52	98.327
6.54	221.298
6.56	172.87
6.58	46.151
6.6	-68.742
6.62	-102.821
6.64	-75.108
6.66	-8.728
6.68	89.681
6.7	10.424
6.72	-61.158
6.74	-52.601
6.76	-38.258
6.78	-37.43
6.8	32.671
6.82	100.478
6.84	97.88
6.86	109.747
6.88	13.631
6.9	-27.773
6.92	-16.412
6.94	13.97
6.96	37.787
6.98	62.522
7	88.014
7.02	33.516
7.04	-20.311
7.06	-34.864
7.08	-15.165
7.1	-5.58
7.12	-9.513
7.14	-84.797
7.16	-204.232
7.18	-314.974
7.2	-281.183
7.22	-138.406
7.24	-6.4
7.26	108.319
7.28	73.885
7.3	-20.85
7.32	32.347
7.34	85.642
7.36	112.198
7.38	92.33
7.4	61.822
7.42	49.072
7.44	-34.605
7.46	-67.152
7.48	-90.198
7.5	-75.686
7.52	-59.218
7.54	-45.185
7.56	72.185
7.58	159.373
7.6	151.303
7.62	79.376
7.64	-113.153
7.66	-195.04
7.68	-219.729
7.7	-309.94
7.72	-212.731
7.74	-54.609
7.76	45.555
7.78	67.95
7.8	25.577
7.82	19.489
7.84	10.645
7.86	-16.317
7.88	-15.377
7.9	43.878
7.92	142.478
7.94	188.224
7.96	181.826
7.98	136.799
8	87.208
8.02	97.487
8.04	157.233
8.06	203.73
8.08	206.223
8.1	187.656
8.12	154.441
8.14	149.839
8.16	136.113
8.18	97.737
8.2	41.377
8.22	16.645
8.24	74.057
8.26	114.282
8.28	58.556
8.3	20.248
8.32	-12.346
8.34	-67.283
8.36	-90.403
8.38	-117.542
8.4	-108.075
8.42	-70.122
8.44	-42.638
8.46	-112.807
8.48	-135.119
8.5	-67.323
8.52	-37.15
8.54	-2.747
8.56	3.116
8.58	-35.072
8.6	-46.586
8.62	-24.918
8.64	37.006
8.66	89.94
8.68	74.451
8.7	12.721
8.72	-37.271
8.74	-36.427
8.76	-54.775
8.78	-90.596
8.8	-154.465
8.82	-180.505
8.84	-153.334
8.86	-97.552
8.88	-43.706
8.9	25.62
8.92	85.54
8.94	98.228
8.96	60.65
8.98	-6.921
9	-18.445
9.02	-9.27
9.04	33.25
9.06	29.295
9.08	-28.146
9.1	-75.973
9.12	-136.829
9.14	-148.237
9.16	-72.011
9.18	-16.607
9.2	6.174
9.22	-22.843
9.24	-48.5
9.26	-37.216
9.28	-9.321
9.3	57.474
9.32	99.092
9.34	131.346
9.36	121.046
9.38	105.352
9.4	94.712
9.42	69.009
9.44	26.263
9.46	1.962
9.48	-29.86
9.5	-100.262
9.52	-151.161
9.54	-173.811
9.56	-122.905
9.58	-22.3
9.6	42.99
9.62	11.418
9.64	-47.302
9.66	-70.68
9.68	-77.207
9.7	-60.837
9.72	-20.709
9.74	-5.762
9.76	-37.665
9.78	-64.274
9.8	-63.954
9.82	-45.441
9.84	-8.822
9.86	44.075
9.88	78.632
9.9	54.125
9.92	5.963
9.94	-74.011
9.96	-78.186
9.98	-9.347
10	33.913
10.02	70.475
10.04	70.469
10.06	32.279
10.08	-28.696
10.1	-49.773
10.12	-34.427
10.14	-17.822
10.16	-28.532
10.18	-55.588
10.2	-74.644
10.22	-70.969
10.24	-46.255
10.26	-7.722
10.28	46.186
10.3	81.228
10.32	93.786
10.34	101.599
10.36	126.38
10.38	153.33
10.4	155.808
10.42	111.166
10.44	47.32
10.46	9.271
10.48	-44.039
10.5	-122.706
10.52	-188.447
10.54	-219.196
10.56	-195.145
10.58	-159.576
10.6	-87.013
10.62	22.918
10.64	122.515
10.66	174.604
10.68	212.397
10.7	224.904
10.72	228.794
10.74	226.572
10.76	108.074
10.78	54.803
10.8	49.984
10.82	19.941
10.84	9.463
10.86	41.435
10.88	81.121
10.9	73.988
10.92	35.784
10.94	-19.343
10.96	-58.688
10.98	-50.048
11	36.046
11.02	149.59
11.04	173.908
11.06	120.841
11.08	79.652
11.1	48.413
11.12	21.881
11.14	-5.954
11.16	-22.779
11.18	-19.116
11.2	-7.261
11.22	5.111
11.24	-8.326
11.26	-35.904
11.28	-61.046
11.3	-70.407
11.32	-66.184
11.34	-45.263
11.36	-37.219
11.38	-64.505
11.4	-88.596
11.42	-92.974
11.44	-79.813
11.46	-67.426
11.48	-70.964
11.5	-90.459
11.52	-93.738
11.54	-59.054
11.56	-44.251
11.58	-56.688
11.6	-74.135
11.62	-77.725
11.64	-36.392
11.66	-3.297
11.68	22.632
11.7	36.752
11.72	32.829
11.74	21.206
11.76	15.523
11.78	-2.83
11.8	-38.954
11.82	-36.374
11.84	-8.164
11.86	7.709
11.88	-3.594
11.9	-27.569
11.92	-39.218
11.94	-42.254
11.96	-57.501
11.98	-82.522
12	-95.117
12.02	-69.074
12.04	-26.845
12.06	-1.884
12.08	21.639
12.1	50.535
12.12	66.424
12.14	67.401
12.16	83.271
12.18	91.845
12.2	64.267
12.22	12.815
12.24	-29.792
12.26	-28.847
12.28	-21.166
12.3	-23.316
12.32	-29.613
12.34	-35.416
12.36	-22.751
12.38	-10.679
12.4	5.159
12.42	14.371
12.44	5.544
12.46	18.313
12.48	36.35
12.5	37.307
12.52	34.302
12.54	35.022
12.56	23.922
12.58	-9.574
12.6	-52.868
12.62	-78.835
12.64	-85.024
12.66	-62.962
12.68	-14.159
12.7	23.17
12.72	38.932
12.74	38.584
12.76	45.011
12.78	57.826
12.8	73.98
12.82	96.678
12.84	125.977
12.86	148.621
12.88	152.001
12.9	128.797
12.92	70.457
12.94	27.945
12.96	24.561
12.98	22.925
13	5.167
13.02	-36.911
13.04	-78.103
13.06	-87.168
13.08	-55.885
13.1	-12.312
13.12	1.746
13.14	-9.054
13.16	-15.196
13.18	-9.772
13.2	-4.781
13.22	-10.55
13.24	-16.295
13.26	-34.639
13.28	-73.828
13.3	-99.785
13.32	-109.62
13.34	-102.159
13.36	-70.657
13.38	-22.472
13.4	15.061
13.42	19.549
13.44	8.596
13.46	-13.576
13.48	-30.96
13.5	-25.599
13.52	-5.47
13.54	13.51
13.56	11.703
13.58	-0.713
13.6	-5.512
13.62	0.283
13.64	15.429
13.66	23.853
13.68	20.395
13.7	5.033
13.72	-1.153
13.74	2.825
13.76	2.698
13.78	-2.263
13.8	-14.198
13.82	-20.319
13.84	-9.592
13.86	9.854
13.88	21.297
13.9	30.073
13.92	29.406
13.94	33.649
13.96	31.478
13.98	21.541
14	1.691
14.02	-31.353
14.04	-64.477
14.06	-80.018
14.08	-73.491
14.1	-66.099
14.12	-54.694
14.14	-22.239
14.16	26.072
14.18	61.85
14.2	71.088
14.22	73.721
14.24	83.698
14.26	79.64
14.28	65.342
14.3	45.027
14.32	33.926
14.34	31.377
14.36	31.455
14.38	29.603
14.4	23.058
14.42	3.628
14.44	-18.457
14.46	-18.984
14.48	-5.044
14.5	6.553
14.52	10.507
14.54	8.527
14.56	-8.469
14.58	-44.202
14.6	-77.653
14.62	-81.046
14.64	-49.372
14.66	0.028
14.68	26.912
14.7	11.195
14.72	-23.343
14.74	-48.558
14.76	-52.862
14.78	-50.942
14.8	-42.886
14.82	-20.65
14.84	-3.743
14.86	4.788
14.88	22.394
14.9	43.037
14.92	46.682
14.94	38.299
14.96	22.683
14.98	10.739
15	10.322
15.02	12.354
15.04	14.485
15.06	9.45
15.08	-1.212
15.1	-15.266
15.12	-29.613
15.14	-29.269
15.16	-11.74
15.18	8.778
15.2	12.469
15.22	-1.959
15.24	-25.37
15.26	-42.158
15.28	-41.859
15.3	-37.996
15.32	-23.27
15.34	8.441
15.36	33.73
15.38	51.476
15.4	65.318
15.42	67.727
15.44	64.683
15.46	49.032
15.48	29.719
15.5	25.7
15.52	36.618
15.54	60.755
15.56	67.168
15.58	49.517
15.6	25.692
15.62	2.315
15.64	-13.702
15.66	-23.32
15.68	-34.157
15.7	-35.152
15.72	-35.791
15.74	-54.063
15.76	-77.535
15.78	-86.227
15.8	-60.092
15.82	-15.201
15.84	24.635
15.86	50.361
15.88	51.438
15.9	46.078
15.92	35.098
15.94	10.101
15.96	-6.732
15.98	-14.329
16	-23.109
16.02	-30.109
16.04	-25.899
16.06	-9.359
16.08	21.519
16.1	48.381
16.12	57.389
16.14	55.298
16.16	48.592
16.18	39.877
16.2	25.352
16.22	12.012
16.24	2.211
16.26	-5.037
16.28	-3.083
16.3	8.188
16.32	0.954
16.34	-20.274
16.36	-27.553
16.38	-8.399
16.4	10.729
16.42	3.898
16.44	-21.285
16.46	-52.182
16.48	-68.929
16.5	-70.662
16.52	-65.186
16.54	-66.829
16.56	-68.437
16.58	-67.483
16.6	-61.318
16.62	-57.366
16.64	-70.084
16.66	-63.8
16.68	-33.391
16.7	0.814
16.72	29.139
16.74	36.831
16.76	27.343
16.78	13.997
16.8	-5.223
16.82	-22.735
16.84	-21.277
16.86	-12.688
16.88	-0.023
16.9	8.837
16.92	12.405
16.94	16.246
16.96	15.774
16.98	4.323
17	-9.247
17.02	-7.595
17.04	6.211
17.06	15.604
17.08	8.839
17.1	-7.356
17.12	-15.036
17.14	-11.509
17.16	-9.386
17.18	-5.444
17.2	7.26
17.22	23.906
17.24	33.2
17.26	33.628
17.28	31.042
17.3	25.364
17.32	18.618
17.34	12.324
17.36	5.119
17.38	0.28
17.4	-7.015
17.42	-8.078
17.44	1.977
17.46	20.577
17.48	38.733
17.5	48.738
17.52	48.902
17.54	45.532
17.56	48.984
17.58	45.55
17.6	38.567
17.62	29.902
17.64	18.423
17.66	2.771
17.68	-16.813
17.7	-39.393
17.72	-54.009
17.74	-55.423
17.76	-53.673
17.78	-54.686
17.8	-54.342
17.82	-36.906
17.84	-16.302
17.86	-3.974
17.88	1.675
17.9	0.129
17.92	-5.221
17.94	0.669
17.96	16.772
17.98	30.764
18	38.322
18.02	39.248
18.04	42.141
18.06	50.451
18.08	64.146
18.1	71.565
18.12	62.783
18.14	33.978
18.16	-1.662
18.18	-30.165
18.2	-34.361
18.22	-25.44
18.24	-14.979
18.26	0.97
18.28	6.763
18.3	4.24
18.32	-3.659
18.34	-7.311
18.36	-9.067
18.38	-13.685
18.4	-14.477
18.42	-6.726
18.44	1.108
18.46	3.796
18.48	0.633
18.5	-13.001
18.52	-26.971
18.54	-39.805
18.56	-48.788
18.58	-44.91
18.6	-25.139
18.62	-1.121
18.64	10.879
18.66	11.91
18.68	3.791
18.7	-6.308
18.72	-6.306
18.74	3.584
18.76	24.098
18.78	44.003
18.8	45.901
18.82	32.526
18.84	15.858
18.86	-6.303
18.88	-29.188
18.9	-42.388
18.92	-42.907
18.94	-31.131
18.96	-9.256
18.98	4.764
19	6.535
19.02	1.645
19.04	-7.161
19.06	-19.892
19.08	-28.914
19.1	-26.579
19.12	-17.199
19.14	-6.154
19.16	2.859
19.18	15.03
19.2	21.02
19.22	15.446
19.24	4.859
19.26	-4.976
19.28	-9.963
19.3	-7.354
19.32	-1.821
19.34	6.502
19.36	18.398
19.38	21.96
19.4	18.084
19.42	17.452
19.44	18.489
19.46	22.564
19.48	28.803
19.5	33.236
19.52	34.314
19.54	37.268
19.56	39.931
19.58	30.132
19.6	11.495
19.62	-2.886
19.64	-9.788
19.66	-11.408
19.68	-7.456
19.7	-4.534
19.72	-8.045
19.74	-14.797
19.76	-23.182
19.78	-34.923
19.8	-43.6
19.82	-42.088
19.84	-32.579
19.86	-18.494
19.88	-3.273
19.9	7.581
19.92	9.144
19.94	4.028
19.96	-0.813
19.98	-5.402
20	-11.845
20.02	-12.486
20.04	-9.634
20.06	-8.177
20.08	-5.424
20.1	0.323
20.12	3.497
20.14	-1.243
20.16	-9.897
20.18	-13.776
20.2	-10.207
20.22	-5.196
20.24	-1.783
20.26	0.727
20.28	-1.88
20.3	-7.76
20.32	-14.714
20.34	-21.745
20.36	-27.465
20.38	-24.371
20.4	-10.433
20.42	1.148
20.44	1.242
20.46	-7.778
20.48	-18.233
20.5	-24.999
20.52	-24.045
20.54	-16.836
20.56	-7.98
20.58	-0.308
20.6	10.298
20.62	26.734
20.64	40.465
20.66	37.856
20.68	30.712
20.7	21.821
20.72	15.629
20.74	27.839
20.76	38.385
20.78	40.418
20.8	38.078
20.82	38.416
20.84	43.333
20.86	45.462
20.88	42.187
20.9	34.966
20.92	24.867
20.94	11.609
20.96	0.648
20.98	-3.918
21	-1.326
21.02	3.082
21.04	3.723
21.06	-0.642
21.08	-9.733
21.1	-15.913
21.12	-19.741
21.14	-19.345
21.16	-10.014
21.18	-4.292
21.2	-2.463
21.22	-4.271
21.24	-11.694
21.26	-21.66
21.28	-29.648
21.3	-29.197
21.32	-20.382
21.34	-10.085
21.36	-7.847
21.38	-14.998
21.4	-23.082
21.42	-26.665
21.44	-23.761
21.46	-17.394
21.48	-11.735
21.5	-5.672
21.52	-0.739
21.54	-0.386
21.56	-3
21.58	-3.694
21.6	-6.552
21.62	-14.455
21.64	-25.437
21.66	-28.803
21.68	-16.441
21.7	1.665
21.72	18.795
21.74	30.292
21.76	32.494
21.78	22.126
21.8	0.509
21.82	-17.239
21.84	-26.013
21.86	-22.738
21.88	-9.587
21.9	5.8
21.92	14.797
21.94	16.988
21.96	17.672
21.98	15.348
22	7.161
22.02	-3.802
22.04	-10.335
22.06	-9.463
22.08	-1.338
22.1	4.478
22.12	5.359
22.14	2.654
22.16	-4.548
22.18	-10.43
22.2	-8.466
22.22	-2.698
22.24	2.081
22.26	3.759
22.28	1.326
22.3	0.947
22.32	3.383
22.34	5.225
22.36	7.987
22.38	10.209
22.4	8.316
22.42	3.802
22.44	4.327
22.46	9.475
22.48	16.745
22.5	17.116
22.52	12.32
22.54	9.222
22.56	8.791
22.58	12.533
22.6	15.421
22.62	18.054
22.64	19.455
22.66	17.963
22.68	10.863
22.7	2.762
22.72	-2.269
22.74	-5.706
22.76	-8.187
22.78	-10.586
22.8	-16.217
22.82	-23.779
22.84	-27.733
22.86	-29.166
22.88	-22.267
22.9	-11.997
22.92	-5.286
22.94	-2.917
22.96	-6.349
22.98	-10.353
23	-13.942
23.02	-14.75
23.04	-10.342
23.06	-5.271
23.08	-5.845
23.1	-4.115
23.12	-1.119
23.14	1.522
23.16	6.17
23.18	7.886
23.2	10.293
23.22	6.953
23.24	6.477
23.26	9.73
23.28	12.431
23.3	10.745
23.32	2.678
23.34	-2.118
23.36	-1.963
23.38	4.577
23.4	10.276
23.42	11.357
23.44	6.228
23.46	4.858
23.48	10.508
23.5	17.634
23.52	24.723
23.54	22.384
23.56	15.131
23.58	12.861
23.6	14.279
23.62	13.207
23.64	7.225
23.66	-0.245
23.68	-5.253
23.7	-6.332
23.72	-3.888
23.74	5.24
23.76	14.293
23.78	16.95
23.8	15.087
23.82	13.401
23.84	15.639
23.86	16.279
23.88	16.239
23.9	12.681
23.92	5.34
23.94	-5.586
23.96	-16.256
23.98	-18.832
24	-15.344
24.02	-11.127
24.04	-6.498
24.06	-1.888
24.08	-2.884
24.1	-4.152
24.12	-2.022
24.14	2.097
24.16	7.091
24.18	11.414
24.2	8.32
24.22	1.793
24.24	-4.758
24.26	-15.504
24.28	-24.233
24.3	-26.767
24.32	-24.775
24.34	-16.902
24.36	-9.911
24.38	-4.71
24.4	-1.614
24.42	-2.69
24.44	-4.899
24.46	-9.479
24.48	-11.529
24.5	-9.47
24.52	-7.84
24.54	-14.791
24.56	-31.653
24.58	-46.219
24.6	-50.931
24.62	-46.584
24.64	-40.584
24.66	-35.442
24.68	-30.961
24.7	-26.709
24.72	-21.394
24.74	-14.594
24.76	-7.933
24.78	-2.719
24.8	4.548
24.82	6.12
24.84	6.341
24.86	11.227
24.88	17.754
24.9	22.926
24.92	22.054
24.94	19.855
24.96	20.643
24.98	24.066
25	27.712
25.02	29.633
25.04	27.918
25.06	24.936
25.08	24.063
25.1	18.909
25.12	10.217
25.14	7.431
25.16	9.433
25.18	11.265
25.2	13.66
25.22	14.269
25.24	10.405
25.26	5.055
25.28	-1.459
25.3	-5.444
25.32	-6.158
25.34	-6.61
25.36	-8.624
25.38	-5.902
25.4	-2.154
25.42	-9.573
25.44	-13.529
25.46	-16.063
25.48	-17.607
25.5	-18.035
25.52	-19.707
25.54	-17.997
25.56	-16.01
25.58	-14.125
25.6	-13.103
25.62	-11.01
25.64	-8.062
25.66	-4.431
25.68	0.944
25.7	6.807
25.72	8.515
25.74	4.715
25.76	-1.457
25.78	-6.454
25.8	-6.904
25.82	-0.755
25.84	6.451
25.86	11.389
25.88	14.325
25.9	14.757
25.92	12.059
25.94	9.219
25.96	8.211
25.98	7.275
26	6.836
26.02	6.361
26.04	2.557
26.06	-1.77
26.08	-2.049
26.1	-0.507
26.12	3.281
26.14	5.94
26.16	6.578
26.18	4.158
26.2	4.345
26.22	7
26.24	9.091
26.26	9.404
26.28	7.512
26.3	10.139
26.32	16.635
26.34	27.022
26.36	36.876
26.38	38.465
26.4	33.229
26.42	26.804
26.44	19.031
26.46	10.233
26.48	2.872
26.5	1.96
26.52	6.485
26.54	11.574
26.56	16.419
26.58	20.651
26.6	23.938
26.62	22.399
26.64	18.723
26.66	18.621
26.68	16.881
26.7	10.8
26.72	3.214
26.74	-5.168
26.76	-9.777
26.78	-10.144
26.8	-8.567
26.82	-5.877
26.84	-3.913
26.86	-8.335
26.88	-13.152
26.9	-13.401
26.92	-11.898
26.94	-12.403
26.96	-16.277
26.98	-22.674
27	-30.035
27.02	-34.32
27.04	-33.486
27.06	-27.729
27.08	-22.528
27.1	-18.039
27.12	-15.004
27.14	-13.275
27.16	-14.941
27.18	-18.168
27.2	-21.194
27.22	-19.749
27.24	-14.91
27.26	-10.293
27.28	-7.456
27.3	-8.579
27.32	-12.739
27.34	-14.846
27.36	-13.077
27.38	-12.245
27.4	-10.257
27.42	-7.935
27.44	-3.573
27.46	-0.523
27.48	1.143
27.5	1.382
27.52	2.469
27.54	6.017
27.56	7.449
27.58	3.332
27.6	-1.493
27.62	-0.097
27.64	1.391
27.66	-0.891
27.68	-5.499
27.7	-8.602
27.72	-9.237
27.74	-3.089
27.76	3.095
27.78	3.694
27.8	-0.223
27.82	-4.895
27.84	-4.965
27.86	-1.178
27.88	1.927
27.9	1.287
27.92	3.583
27.94	6.467
27.96	8.221
27.98	7.455
28	2.544
28.02	-1.215
28.04	-4.785
28.06	-7.918
28.08	-7.77
28.1	-4.099
28.12	1.154
28.14	3.682
28.16	3.352
28.18	3.128
28.2	5.298
28.22	8.584
28.24	10.481
28.26	13.797
28.28	17.076
28.3	18.274
28.32	16.443
28.34	12.597
28.36	10.767
28.38	10.364
28.4	12.216
28.42	11.311
28.44	6.754
28.46	-0.465
28.48	-8.343
28.5	-12.617
28.52	-12.013
28.54	-6.123
28.56	0.462
28.58	5.874
28.6	7.003
28.62	1.954
28.64	-5.496
28.66	-14.941
28.68	-21.877
28.7	-24.045
28.72	-22.949
28.74	-17.653
28.76	-10.001
28.78	-2.059
28.8	3.843
28.82	6.038
28.84	7.332
28.86	6.938
28.88	5.633
28.9	3.51
28.92	1.578
28.94	1.313
28.96	1.601
28.98	5.357
29	10.576
29.02	14.72
29.04	19.428
29.06	20.359
29.08	18.894
29.1	18.215
29.12	11.029
29.14	3.91
29.16	-0.895
29.18	-5.401
29.2	-6.43
29.22	-2.263
29.24	2.921
29.26	6.031
29.28	5.809
29.3	0.315
29.32	-5.521
29.34	-8.997
29.36	-9.693
29.38	-9.69
29.4	-9.45
29.42	-7.773
29.44	-2.772
29.46	1.982
29.48	2.793
29.5	2.24
29.52	0.404
29.54	-2.104
29.56	-1.86
29.58	0.974
29.6	2.955
29.62	2.872
29.64	-0.216
29.66	-3.329
29.68	-4.244
29.7	-0.853
29.72	4.249
29.74	7.462
29.76	7.991
29.78	4.325
29.8	-0.467
29.82	-3.442
29.84	-3.962
29.86	-1.335
29.88	3.641
29.9	10.069
29.92	14.742
29.94	15.731
29.96	15.205
29.98	11.474
30	7.429
30.02	3.681
30.04	2.405
30.06	5.396
30.08	9.57
30.1	10.202
30.12	7.896
30.14	4.553
30.16	1.551
30.18	0.759
30.2	0.683
30.22	1.676
30.24	1.58
30.26	1.434
30.28	2.055
30.3	4.257
30.32	6.537
30.34	8.885
30.36	10.485
30.38	8.721
30.4	6.983
30.42	6.651
30.44	7.152
30.46	7.28
30.48	7.132
30.5	7.136
30.52	4.979
30.54	1.701
30.56	-2.461
30.58	-5.071
30.6	-2.386
30.62	3.829
30.64	9.92
30.66	16.672
30.68	23.104
30.7	27.397
30.72	29.581
30.74	29.212
30.76	26.134
30.78	22.365
30.8	18.847
30.82	16.192
30.84	11.42
30.86	6.418
30.88	3.315
30.9	1.367
30.92	1.676
30.94	1.357
30.96	1.452
30.98	1.31
31	0.415
31.02	-3.359
31.04	-7.975
31.06	-11.372
31.08	-10.685
31.1	-9.883
31.12	-9.941
31.14	-10.733
31.16	-13.581
31.18	-16.398
31.2	-18.591
31.22	-19.369
31.24	-20.152
31.26	-19.054
31.28	-19.736
31.3	-21.777
31.32	-23.889
31.34	-22.076
31.36	-18.909
31.38	-17.399
31.4	-18.732
31.42	-23.753
31.44	-29.059
31.46	-31.756
31.48	-30.117
31.5	-28.086
31.52	-26.573
31.54	-28.655
31.56	-33.382
31.58	-35.604
31.6	-35.507
31.62	-34.463
31.64	-33.422
31.66	-33.618
31.68	-35.097
31.7	-35.789
31.72	-35.092
31.74	-30.639
31.76	-27.065
31.78	-26.811
31.8	-26.715
31.82	-24.637
31.84	-20.863
31.86	-18.341
31.88	-16.42
31.9	-13.75
31.92	-12.545
31.94	-12.563
31.96	-14.112
31.98	-15.699
32	-17.018
32.02	-15.993
32.04	-15.477
32.06	-17.398
32.08	-17.619
32.1	-18.475
32.12	-19.863
32.14	-17.847
32.16	-14.753
32.18	-11.379
32.2	-9.108
32.22	-8.949
32.24	-7.384
32.26	-5.6
32.28	-0.169
32.3	6.497
32.32	10.347
32.34	11.179
32.36	11.025
32.38	11.186
32.4	10.994
32.42	13.409
32.44	19.004
32.46	23.872
32.48	27.652
32.5	29.202
32.52	28.467
32.54	26.476
32.56	24.376
32.58	22.912
32.6	24.14
32.62	25.397
32.64	25.968
32.66	27.8
32.68	29.561
32.7	32.109
32.72	33.927
32.74	35.883
32.76	38.271
32.78	41.771
32.8	44.807
32.82	46.06
32.84	42.94
32.86	37.37
32.88	32.975
32.9	31.501
32.92	31.37
32.94	33.587
32.96	36.718
32.98	37.375
33	35.433
33.02	31.702
33.04	28.234
33.06	24.171
33.08	22.989
33.1	23.279
33.12	26.528
33.14	31.664
33.16	35.467
33.18	36.395
33.2	34.395
33.22	31.928
33.24	31.661
33.26	32.827
33.28	34.844
33.3	35.8
33.32	33.702
33.34	31.026
33.36	27.194
33.38	24.65
33.4	20.515
33.42	14.673
33.44	11.272
33.46	9.035
33.48	8.949
33.5	7.845
33.52	6.107
33.54	2.736
33.56	-1.938
33.58	-7.762
33.6	-14.17
33.62	-18.13
33.64	-20.965
33.66	-22.474
33.68	-20.861
33.7	-17.223
33.72	-14.74
33.74	-13.584
33.76	-14.206
33.78	-16.51
33.8	-20.3
33.82	-22.395
33.84	-22.561
33.86	-21.88
33.88	-20.664
33.9	-21.03
33.92	-21.585
33.94	-23.222
33.96	-25.087
33.98	-28.175
34	-32.072
34.02	-34.67
34.04	-29.866
34.06	-21.772
34.08	-19.248
34.1	-17.502
34.12	-17.046
34.14	-16.925
34.16	-17.061
34.18	-17.739
34.2	-19.838
34.22	-21.437
34.24	-21.297
34.26	-19.052
34.28	-17.233
34.3	-15.334
34.32	-13.782
34.34	-14.002
34.36	-13.856
34.38	-13.965
34.4	-13.512
34.42	-14.269
34.44	-13.889
34.46	-14.785
34.48	-16.829
34.5	-17.905
34.52	-19.867
34.54	-20.914
34.56	-20.987
34.58	-23.324
34.6	-25.927
34.62	-29.931
34.64	-31.021
34.66	-30.272
34.68	-27.96
34.7	-27.445
34.72	-28.149
34.74	-27.786
34.76	-25.239
34.78	-21.46
34.8	-17.882
34.82	-12.399
34.84	-11.427
34.86	-11.256
34.88	-12.539
34.9	-11.276
34.92	-8.686
34.94	-6.199
34.96	-3.629
34.98	-1.459
35	-0.3
35.02	-0.282
35.04	0.652
35.06	2.182
35.08	3.693
35.1	3.266
35.12	3.564
35.14	3.335
35.16	3.598
35.18	5.202
35.2	7.975
35.22	12.6
35.24	17.278
35.26	19.202
35.28	17.347
35.3	14.744
35.32	12.49
35.34	11.711
35.36	11.917
35.38	11.719
35.4	11.894
35.42	11.731
35.44	11.9
35.46	11.725
35.48	11.941
35.5	11.489
35.52	11.399
35.54	11.064
35.56	9.933
35.58	10.963
35.6	13.118
35.62	17.334
35.64	19.606
35.66	18.472
35.68	14.803
35.7	10.941
35.72	8.715
35.74	10.575
35.76	13.798
35.78	16.478
35.8	20.181
35.82	20.853
35.84	20.228
35.86	18.232
35.88	17.318
35.9	17.556
35.92	17.233
35.94	14.894
35.96	13.289
35.98	15.403
36	18.064
36.02	20.518
36.04	19.342
36.06	17.686
36.08	15.716
36.1	13.117
36.12	12.181
36.14	11.748
36.16	13.003
36.18	13.343
36.2	13.876
36.22	15.066
36.24	14.321
36.26	12.264
36.28	6.13
36.3	-0.076
36.32	-4.415
36.34	-6.404
36.36	-4.654
36.38	-5.289
36.4	-4.228
36.42	-4.624
36.44	-5.175
36.46	-4.931
36.48	-5.911
36.5	-4.854
36.52	-3.204
36.54	-1.59
36.56	-1.638
36.58	-1.345
36.6	-2.535
36.62	-6.157
36.64	-9.589
36.66	-11.069
36.68	-10.741
36.7	-9.532
36.72	-7.293
36.74	-5.083
36.76	-3.438
36.78	-0.828
36.8	-0.107
36.82	0.598
36.84	0.811
36.86	-2.026
36.88	-4.227
36.9	-4.696
36.92	-4.886
36.94	-2.483
36.96	-1.785
36.98	-4.895
37	-5.017
37.02	-5.234
37.04	-4.939
37.06	-4.069
37.08	-5.339
37.1	-6.893
37.12	-9.909
37.14	-11.556
37.16	-13.572
37.18	-13.026
37.2	-10.674
37.22	-13.208
37.24	-15.323
37.26	-15.251
37.28	-15.114
37.3	-14.943
37.32	-12.366
37.34	-12.045
37.36	-9.972
37.38	-13.508
37.4	-13.858
37.42	-15.969
37.44	-18.93
37.46	-23.532
37.48	-24.609
37.5	-22.421
37.52	-20.28
37.54	-12.957
37.56	-5.888
37.58	-1.794
37.6	-1.3
37.62	1.49
37.64	1.145
37.66	0.848
37.68	0.742
37.7	1.896
37.72	3.531
37.74	6.086
37.76	8.863
37.78	11.988
37.8	15.036
37.82	15.607
37.84	12.715
37.86	10.7
37.88	11.127
37.9	11.632
37.92	11.947
37.94	11.055
37.96	9.143
37.98	7.955
38	7.656
38.02	10.544
38.04	12.791
38.06	13.096
38.08	12.125
38.1	9.957
38.12	6.895
38.14	6.123
38.16	5.903
38.18	5.911
38.2	6.169
38.22	6.085
38.24	3.746
38.26	3.862
38.28	6.156
38.3	6.097
38.32	4.777
38.34	2.818
38.36	2.508
38.38	1.75
38.4	0.643
38.42	-1.189
38.44	-0.57
38.46	1.323
38.48	3.614
38.5	5.247
38.52	4.228
38.54	2.457
38.56	-1.72
38.58	-6.28
38.6	-9.673
38.62	-11.266
38.64	-10.367
38.66	-8.202
38.68	-7.035
38.7	-6.534
38.72	-8.694
38.74	-10.665
38.76	-11.274
38.78	-10.427
38.8	-7.313
38.82	-7.092
38.84	-8.347
38.86	-7.392
38.88	-4.896
38.9	-2.356
38.92	0.369
38.94	3.356
38.96	6.246
38.98	4.506
39	2.819
39.02	3.258
39.04	2.961
39.06	3.212
39.08	2.772
39.1	0.586
39.12	-1.927
39.14	-4.046
39.16	-4.137
39.18	-2.235
39.2	-0.434
39.22	1.532
39.24	4.241
39.26	6.484
39.28	8.179
39.3	8.372
39.32	5.965
39.34	3.592
39.36	3.062
39.38	4.551
39.4	6.266
39.42	6.32
39.44	6.304
39.46	4.798
39.48	3.573
39.5	3.84
39.52	3.513
39.54	2.799
39.56	1.634
39.58	3.669
39.6	5.735
39.62	6.614
39.64	5.876
39.66	3.255
39.68	0.806
39.7	-1.446
39.72	-4.433
39.74	-5.367
39.76	-5.208
39.78	-4.312
39.8	-2.284
39.82	-2.666
39.84	-4.231
39.86	-5.574
39.88	-6.772
39.9	-6.66
39.92	-5.128
39.94	-3.169
39.96	-1.558
39.98	-1.38
40	-2.282
40.02	-4.149
40.04	-5.515
40.06	-6.772
40.08	-6.48
40.1	-5.186
40.12	-3.49
40.14	-3.566
40.16	-3.559
40.18	-3.938
40.2	-4.879
40.22	-4.386
40.24	-6.227
40.26	-5.198
40.28	-3.928
40.3	-2.995
40.32	-1.62
40.34	-1.506
40.36	-2.453
40.38	-3.095
40.4	-3.259
40.42	-4.213
40.44	-2.49
40.46	-0.348
40.48	2.426
40.5	4.23
40.52	4.283
40.54	4.86
40.56	4.863
40.58	5.001
40.6	5.857
40.62	6.813
40.64	8.206
40.66	9.27
40.68	9.509
40.7	8.483
40.72	6.575
40.74	4.053
40.76	2.729
40.78	2.004
40.8	0.752
40.82	-0.432
40.84	-0.228
40.86	-0.241
40.88	-0.22
40.9	0.318
40.92	1.084
40.94	1.257
40.96	2.262
40.98	4.107
41	5.405
41.02	7.279
41.04	7.864
41.06	8.852
41.08	8.375
41.1	7.993
41.12	8.833
41.14	8.57
41.16	7.644
41.18	6.578
41.2	6.087
41.22	6.228
41.24	7.131
41.26	6.86
41.28	5.88
41.3	4.218
41.32	2.908
41.34	2.961
41.36	3.685
41.38	4.943
41.4	6.664
41.42	7.456
41.44	4.781
41.46	1.596
41.48	-0.739
41.5	-1.772
41.52	-2.973
41.54	-3.335
41.56	-3.258
41.58	-2.614
41.6	-2.011
41.62	-1.422
41.64	-2.49
41.66	-3.824
41.68	-5.957
41.7	-8.288
41.72	-10.648
41.74	-12.376
41.76	-11.848
41.78	-10.996
41.8	-8.852
41.82	-6.76
41.84	-5.598
41.86	-6.102
41.88	-5.976
41.9	-7.337
41.92	-8.371
41.94	-7.719
41.96	-8.018
41.98	-7.838
42	-7.049
42.02	-6.604
42.04	-6.331
42.06	-5.964
42.08	-6.106
42.1	-6.465
42.12	-6.522
42.14	-8.573
42.16	-10.011
42.18	-11.59
42.2	-13.644
42.22	-14.606
42.24	-14.427
42.26	-12.845
42.28	-13.566
42.3	-14.194
42.32	-14.237
42.34	-12.665
42.36	-12.095
42.38	-10.368
42.4	-7.779
42.42	-6.155
42.44	-5.532
42.46	-5.581
42.48	-4.535
42.5	-2.382
42.52	0.625
42.54	2.91
42.56	4.254
42.58	3.393
42.6	2.947
42.62	0.864
42.64	-0.371
42.66	-0.024
42.68	-0.109
42.7	0.627
42.72	1.786
42.74	2.675
42.76	2.636
42.78	3.185
42.8	3.016
42.82	4.295
42.84	6.022
42.86	8.566
42.88	12.525
42.9	14.617
42.92	14.88
42.94	14.834
42.96	14.983
42.98	14.929
43	15.023
43.02	14.877
43.04	16.162
43.06	17.426
43.08	17.914
43.1	17.854
43.12	19.261
43.14	21.294
43.16	20.798
43.18	21.118
43.2	18.819
43.22	18.154
43.24	16.784
43.26	15.157
43.28	14.649
43.3	12.773
43.32	11.619
43.34	9.34
43.36	6.562
43.38	3.395
43.4	2.324
43.42	3.353
43.44	3.881
43.46	4.331
43.48	2.981
43.5	0.813
43.52	-0.425
43.54	-1.298
43.56	-1.567
43.58	-3.741
43.6	-5.06
43.62	-5.261
43.64	-3.625
43.66	-1.131
43.68	-1.601
43.7	-2.581
43.72	-3.352
43.74	-2.717
43.76	-1.056
43.78	-0.941
43.8	1.049
43.82	0.754
43.84	-1.43
43.86	-5.154
43.88	-9.106
43.9	-11.749
43.92	-12.257
43.94	-11.972
43.96	-12.16
43.98	-9.902
44	-9.041
44.02	-9.151
44.04	-9.058
44.06	-9.056
44.08	-10.909
44.1	-12.036
44.12	-11.293
44.14	-12.8
44.16	-14.65
44.18	-16.121
44.2	-16.483
44.22	-16.327
44.24	-14.859
44.26	-13.376
44.28	-10.883
44.3	-8.562
44.32	-8.502
44.34	-8.512
44.36	-8.351
44.38	-8.527
44.4	-8.096
44.42	-6.184
44.44	-5.641
44.46	-6.858
44.48	-8.108
44.5	-10.081
44.52	-11.166
44.54	-10.837
44.56	-8.55
44.58	-4.346
44.6	-1.639
44.62	0.377
44.64	0.564
44.66	2.578
44.68	3.591
44.7	3.889
44.72	3.677
44.74	3.321
44.76	3.619
44.78	3.483
44.8	3.724
44.82	5.666
44.84	6.847
44.86	6.607
44.88	5.026
44.9	2.913
44.92	4.174
44.94	6.879
44.96	9.207
44.98	9.111
45	8.892
45.02	8.69
45.04	8.085
45.06	8.194
45.08	8.626
45.1	9.477
45.12	11.026
45.14	10.054
45.16	8.702
45.18	7.162
45.2	5.314
45.22	5.51
45.24	5.348
45.26	5.526
45.28	4.686
45.3	0.939
45.32	-1.209
45.34	-2.724
45.36	-2.886
45.38	-0.992
45.4	-0.343
45.42	-0.057
45.44	-0.38
45.46	1.273
45.48	3.473
45.5	5.278
45.52	5.372
45.54	5.452
45.56	5.094
45.58	3.471
45.6	1.347
45.62	-0.359
45.64	-1
45.66	-2.135
45.68	-1.1
45.7	-0.444
45.72	-0.52
45.74	-0.364
45.76	-0.495
45.78	-0.309
45.8	-0.651
45.82	-0.88
45.84	-0.292
45.86	-0.396
45.88	-0.135
45.9	-0.108
45.92	0.154
45.94	1.738
45.96	2.741
45.98	2.714
46	2.386
46.02	2.592
46.04	2.359
46.06	2.913
46.08	4.906
46.1	6.201
46.12	6.961
46.14	6.022
46.16	5.678
46.18	4.973
46.2	2.357
46.22	1.413
46.24	2.288
46.26	5.122
46.28	7.955
46.3	8.195
46.32	6.91
46.34	4.54
46.36	2.813
46.38	1.093
46.4	-0.137
46.42	-0.901
46.44	-2.918
46.46	-5.197
46.48	-7.498
46.5	-9.17
46.52	-7.866
46.54	-6.164
46.56	-4.725
46.58	-4.999
46.6	-6.368
46.62	-7.936
46.64	-9.219
46.66	-8.694
46.68	-9.132
46.7	-8.689
46.72	-9.245
46.74	-7.468
46.76	-6.087
46.78	-6.152
46.8	-6.29
46.82	-5.766
46.84	-4.382
46.86	-2.614
46.88	-0.564
46.9	1.075
46.92	2.317
46.94	1.049
46.96	0.204
46.98	-0.16
47	0.145
47.02	-0.461
47.04	-0.28
47.06	-0.044
47.08	-0.17
47.1	0.333
47.12	0.516
47.14	-0.324
47.16	-0.55
47.18	-0.443
47.2	-2.33
47.22	-3.524
47.24	-3.249
47.26	-2.208
47.28	-1.187
47.3	-0.764
47.32	-0.156
47.34	1.582
47.36	2.223
47.38	2.229
47.4	3.065
47.42	4.633
47.44	3.882
47.46	0.951
47.48	-2.235
47.5	-4.355
47.52	-4.278
47.54	-3.294
47.56	-0.93
47.58	0.095
47.6	-1.101
47.62	-2.931
47.64	-2.897
47.66	-3.017
47.68	-2.264
47.7	-0.716
47.72	-0.193
47.74	1.542
47.76	2.697
47.78	2.516
47.8	2.575
47.82	2.493
47.84	0.633
47.86	-0.809
47.88	-2.55
47.9	-2.682
47.92	-2.745
47.94	-3.152
47.96	-3.127
47.98	-1.848
48	-0.115
48.02	-0.236
48.04	-0.25
48.06	-0.699
48.08	-0.775
48.1	-0.568
48.12	1.533
48.14	2.868
48.16	2.475
48.18	2.857
48.2	1.928
48.22	1.147
48.24	0.303
48.26	-0.035
48.28	0.785
48.3	3.749
48.32	5.729
48.34	5.833
48.36	5.441
48.38	3.088
48.4	1.533
48.42	0.176
48.44	0.157
48.46	0.39
48.48	1.82
48.5	3.077
48.52	2.928
48.54	4.762
48.56	6.079
48.58	4.867
48.6	2.203
48.62	0.511
48.64	0.141
48.66	0.495
48.68	2.903
48.7	4.627
48.72	5.862
48.74	5.758
48.76	6.227
48.78	8.517
48.8	8.749
48.82	9.453
48.84	9.856
48.86	9.141
48.88	8.604
48.9	7.385
48.92	6.144
48.94	7.187
48.96	9.884
48.98	11.833
49	10.724
49.02	6.975
49.04	3.826
49.06	3.229
49.08	5.627
49.1	5.107
49.12	2.549
49.14	-0.463
49.16	-2.954
49.18	-1.393
49.2	0.085
49.22	-1.007
49.24	-2.662
49.26	-2.977
49.28	-4.873
49.3	-5.273
49.32	-5.008
49.34	-5.213
49.36	-5.328
49.38	-5.563
49.4	-7.299
49.42	-8.096
49.44	-6.826
49.46	-5.768
49.48	-6.309
49.5	-8.022
49.52	-8.937
49.54	-10.654
49.56	-12.819
49.58	-14.86
49.6	-14.677
49.62	-12.964
49.64	-9.715
49.66	-8.174
49.68	-8.149
49.7	-10.401
49.72	-11.579
49.74	-11.359
49.76	-10.008
49.78	-8.142
49.8	-8.791
49.82	-10.163
49.84	-9.476
49.86	-8.378
49.88	-7.175
49.9	-6.483
49.92	-6.358
49.94	-4.805
49.96	-1.921
49.98	0.059
50	-0.357
50.02	-0.711
50.04	-1.524
50.06	-2.353
50.08	-2.352
50.1	-2.532
50.12	-2.763
50.14	-2.845
50.16	-2.857
50.18	-2.861
50.2	-0.528
50.22	2.169
50.24	3.393
50.26	4.606
50.28	3.028
50.3	2.9
50.32	2.785
50.34	3.32
50.36	5.513
50.38	5.617
50.4	4.56
50.42	3.335
50.44	2.01
50.46	0.022
50.48	0.016
50.5	0.021
50.52	-1.191
50.54	-0.358
50.56	0.044
50.58	-0.251
50.6	1.374
50.62	3.278
50.64	5.167
50.66	5.666
50.68	5.176
50.7	3.991
50.72	3.028
50.74	2.703
50.76	4.931
50.78	5.82
50.8	5.605
50.82	5.731
50.84	5.68
50.86	5.827
50.88	5.716
50.9	5.87
50.92	5.145
50.94	4.193
50.96	3.152
50.98	3.141
51	3.371
51.02	4.684
51.04	3.193
51.06	2.801
51.08	1.428
51.1	-0.272
51.12	0.036
51.14	-0.691
51.16	0.581
51.18	3.112
51.2	5.413
51.22	5.538
51.24	5.619
51.26	5.571
51.28	2.388
51.3	-0.298
51.32	-0.841
51.34	-0.059
51.36	2.299
51.38	3.815
51.4	5.969
51.42	4.882
51.44	2.976
51.46	2.368
51.48	1.309
51.5	2.795
51.52	3.046
51.54	4.827
51.56	5.756
51.58	5.344
51.6	5.568
51.62	5.316
51.64	5.561
51.66	5.326
51.68	5.461
51.7	4.674
51.72	4.229
51.74	3.476
51.76	2.841
51.78	2.425
51.8	3.68
51.82	5.59
51.84	3.498
51.86	0.935
51.88	0.116
51.9	2.924
51.92	5.149
51.94	5.799
51.96	4.597
51.98	1.748
52	0.702
52.02	0.432
52.04	-0.071
52.06	-0.276
52.08	-0.728
52.1	-2.544
52.12	-4.128
52.14	-3.929
52.16	-2.241
52.18	-0.443
52.2	0.444
52.22	-0.287
52.24	-2.224
52.26	-3.396
52.28	-5.541
52.3	-5.647
52.32	-5.654
52.34	-6.126
52.36	-6.272
52.38	-7.814
52.4	-8.359
52.42	-8.517
52.44	-8.411
52.46	-8.44
52.48	-8.29
52.5	-9.173
52.52	-9.13
52.54	-7.982
52.56	-2.228
52.58	2.593
52.6	0.453
52.62	-4.413
52.64	-9.951
52.66	-10.872
52.68	-8.56
52.7	-6.321
52.72	-5.118
52.74	-4.702
52.76	-6.844
52.78	-8.682
52.8	-8.601
52.82	-9.838
52.84	-9.476
52.86	-8.114
52.88	-8.35
52.9	-8.058
52.92	-6.114
52.94	-4.715
52.96	-4.463
52.98	-4.637
53	-5.933
53.02	-8.122
53.04	-8.191
53.06	-6.354
53.08	-4.698
53.1	-2.853
53.12	-1.575
53.14	-0.554
53.16	-0.859
53.18	-0.367
53.2	0.624
53.22	0.032
53.24	1.671
53.26	3.141
53.28	3.779
53.3	6.21
53.32	6.396
53.34	4.937
53.36	2.987
53.38	3.184
53.4	2.667
53.42	2.316
53.44	3.318
53.46	3.103
53.48	5
53.5	4.935
53.52	4.323
53.54	3.782
53.56	5.347
53.58	5.837
53.6	5.791
53.62	5.664
53.64	6.781
53.66	8.89
53.68	8.429
53.7	8.799
53.72	5.509
53.74	2.871
53.76	2.644
53.78	3.063
53.8	5.698
53.82	8.098
53.84	9.002
53.86	8.795
53.88	6.765
53.9	6.264
53.92	5.912
53.94	5.452
53.96	6.086
53.98	6.032
54	6.007
54.02	5.343
54.04	2.616
54.06	0.05
54.08	0.447
54.1	-1.149
54.12	-2.833
54.14	-2.599
54.16	-2.484
54.18	-2.496
54.2	-2.753
54.22	-3.46
54.24	-3.878
54.26	-1.992
54.28	0.026
54.3	0.411
54.32	0.236
54.34	0.556
54.36	-0.035
54.38	-1.534
54.4	-1.278
54.42	0.014
54.44	0.608
54.46	1.442
54.48	1.47
54.5	0.32
54.52	0.793
54.54	-0.904
54.56	-1.113
54.58	0.493
54.6	1.025
54.62	1.671
54.64	-0.224
54.66	-2.759
54.68	-4.753
54.7	-4.075
54.72	-2.486
54.74	-1.472
54.76	-0.521
54.78	-0.512
54.8	-2.1
54.82	-1.954
54.84	-0.741
54.86	-0.032
54.88	0.758
54.9	0.486
54.92	0.504
54.94	0.854
54.96	0.487
54.98	-1.61
55	-2.087
55.02	-1.951
55.04	-2.023
55.06	-1.99
55.08	-1.992
55.1	-1.726
55.12	-2.414
55.14	-2.862
55.16	-2.508
55.18	-2.093
55.2	-2.468
55.22	-3.688
55.24	-4.697
55.26	-5.014
55.28	-3.858
55.3	-2.215
55.32	-0.631
55.34	-0.719
55.36	-0.822
55.38	-0.37
55.4	-0.113
55.42	0.718
55.44	1.421
55.46	3.038
55.48	3.817
55.5	3.623
55.52	4.826
55.54	6.33
55.56	6.427
55.58	5.901
55.6	4.453
55.62	3.022
55.64	1.256
55.66	0.874
55.68	1.103
55.7	2.516
55.72	3.682
55.74	3.796
55.76	3.448
55.78	3.275
55.8	2.488
55.82	2.565
55.84	2.203
55.86	1.367
55.88	1.14
55.9	0.935
55.92	-0.184
55.94	-1.777
55.96	-1.719
55.98	-1.778
56	-1.758
56.02	-1.701
56.04	-0.804
56.06	-0.719
56.08	-0.026
56.1	0.186
56.12	-0.347
56.14	-1.249
56.16	-2.06
56.18	-1.807
56.2	-1.963
56.22	-1.697
56.24	-1.964
56.26	-1.616
56.28	-1.537
56.3	-1.574
56.32	-2.35
56.34	-4.603
56.36	-4.499
56.38	-4.698
56.4	-4.975
56.42	-4.726
56.44	-4.516
56.46	-4.25
56.48	-4.163
56.5	-4.561
56.52	-4.511
56.54	-4.587
56.56	-4.473
56.58	-4.662
56.6	-4.832
56.62	-4.46
56.64	-3.224
56.66	-1.695
56.68	-1.642
56.7	-1.028
56.72	-1.214
56.74	-1.495
56.76	-1.796
56.78	-1.743
56.8	-1.405
56.82	-0.182
56.84	1.061
56.86	0.996
56.88	1.157
56.9	0.897
56.92	0.808
56.94	-0.219
56.96	-1.822
56.98	-1.36
57	-1.316
57.02	-1.146
57.04	-1.05
57.06	-0.045
57.08	1.163
57.1	1.056
57.12	3.191
57.14	4.043
57.16	3.839
57.18	3.994
57.2	3.829
57.22	4.064
57.24	2.899
57.26	2.356
57.28	1.482
57.3	1.054
57.32	-0.395
57.34	-2.169
57.36	-0.448
57.38	1.597
57.4	2.712
57.42	2.49
57.44	2.022
57.46	1.293
57.48	2.05
57.5	3.127
57.52	3.499
57.54	3.894
57.56	3.889
57.58	4.5
57.6	3.809
57.62	4.159
57.64	4.063
57.66	4.658
57.68	5.238
57.7	5.408
57.72	6.158
57.74	4.879
57.76	3.639
57.78	1.378
57.8	1.286
57.82	1.318
57.84	1.635
57.86	3.267
57.88	3.9
57.9	4.03
57.92	3.608
57.94	3.468
57.96	3.524
57.98	3.587
58	3.972
58.02	2.725
58.04	1.359
58.06	1.512
58.08	1.447
58.1	1.296
58.12	-0.127
58.14	-0.722
58.16	-0.747
58.18	-0.402
58.2	0.029
58.22	-0.27
58.24	-1.051
58.26	-1.291
58.28	-1.292
58.3	-1.317
58.32	-1.432
58.34	-1.347
58.36	-1.592
58.38	-1.57
58.4	-3.142
58.42	-4.311
58.44	-4.807
58.46	-4.955
58.48	-5.184
58.5	-6.692
58.52	-7.034
58.54	-6.906
58.56	-7.543
58.58	-8.357
58.6	-6.646
58.62	-6.401
58.64	-6.155
58.66	-5.366
58.68	-4.487
58.7	-4.517
58.72	-3.779
58.74	-4.339
58.76	-4.674
58.78	-3.83
58.8	-5.275
58.82	-5.605
58.84	-5.38
58.86	-5.452
58.88	-5.356
58.9	-5.484
58.92	-5.139
58.94	-4.646
58.96	-3.109
58.98	-1.021
59	-0.375
59.02	-0.083
59.04	-0.249
59.06	-1.467
59.08	-1.97
59.1	-1.49
59.12	-1.285
59.14	0.269
59.16	0.815
59.18	1.346
59.2	1.303
59.22	1.153
59.24	0.632
59.26	0.296
59.28	0.425
59.3	0.345
59.32	0.426
59.34	-0.206
59.36	0.411
59.38	0.592
59.4	2.182
59.42	3.549
59.44	3.806
59.46	5.897
59.48	6.17
59.5	6.231
59.52	5.741
59.54	4.299
59.56	4.445
59.58	4.311
59.6	4.698
59.62	4.605
59.64	4.79
59.66	5.391
59.68	5.633
59.7	5.772
59.72	4.631
59.74	3.066
59.76	1.812
59.78	1.255
59.8	1.467
59.82	0.397
59.84	-0.069
59.86	-0.022
59.88	1.179
59.9	2.503
59.92	2.954
59.94	3.072
59.96	3.003
59.98	3.033
