cm/s2; dt=0.020
0	0.727
0.02	0.428
0.04	-0.485
0.06	-0.461
0.08	-1.327
0.1	-1.078
0.12	-0.417
0.14	-1.63
0.16	-1.491
0.18	-0.751
0.2	-0.036
0.22	-0.813
0.24	-0.014
0.26	-2.505
0.28	-3.954
0.3	-1.071
0.32	-0.104
0.34	0.107
0.36	-0.545
0.38	0.763
0.4	-0.424
0.42	-2.808
0.44	-0.112
0.46	-1.486
0.48	-2.749
0.5	-2.061
0.52	-2.432
0.54	-1.835
0.56	-4.868
0.58	-2.401
0.6	0.712
0.62	1.437
0.64	1.561
0.66	-0.075
0.68	-4.197
0.7	-0.624
0.72	1.564
0.74	-1.055
0.76	0.222
0.78	2.512
0.8	2.173
0.82	0.381
0.84	5.01
0.86	-0.64
0.88	-1.192
0.9	0.962
0.92	-2.99
0.94	-3.105
0.96	0.431
0.98	2.924
1	3.839
1.02	3.571
1.04	0.714
1.06	2.581
1.08	-0.06
1.1	-2.64
1.12	-4.494
1.14	2.115
1.16	6.071
1.18	1.444
1.2	2.018
1.22	4.709
1.24	4.545
1.26	4.195
1.28	0.748
1.3	1.62
1.32	3.965
1.34	-2.045
1.36	-6.219
1.38	-7.972
1.4	-8.274
1.42	-3.339
1.44	4.872
1.46	5.931
1.48	-1.673
1.5	0.7
1.52	7.917
1.54	-5.158
1.56	0.284
1.58	7.952
1.6	-3.727
1.62	-1.861
1.64	1.803
1.66	5.135
1.68	1.439
1.7	1.755
1.72	8.984
1.74	1.833
1.76	1.533
1.78	-1.564
1.8	-8.321
1.82	-7.172
1.84	-5.513
1.86	-5.305
1.88	-4.357
1.9	0.228
1.92	9.106
1.94	7.684
1.96	2.55
1.98	-0.522
2	5.104
2.02	-0.55
2.04	-7.526
2.06	-2.896
2.08	-5.357
2.1	-1.962
2.12	-9.998
2.14	2.75
2.16	9.842
2.18	-2.947
2.2	11.476
2.22	18.86
2.24	0.817
2.26	-1.686
2.28	-4.523
2.3	-12.581
2.32	-9.363
2.34	-4.174
2.36	-3.999
2.38	-1.829
2.4	13.861
2.42	3.195
2.44	-15.828
2.46	-10.439
2.48	-2.746
2.5	-0.949
2.52	2.384
2.54	4.456
2.56	2.272
2.58	-7.115
2.6	-2.291
2.62	8.174
2.64	3.27
2.66	5.401
2.68	1.559
2.7	-3.705
2.72	6.997
2.74	12.762
2.76	2.388
2.78	-13.83
2.8	-15.016
2.82	-4.165
2.84	-0.749
2.86	11.521
2.88	10.789
2.9	-13.701
2.92	-2.403
2.94	12.623
2.96	-2.827
2.98	-0.953
3	19.955
3.02	17.738
3.04	5.994
3.06	22.899
3.08	10.691
3.1	-8.061
3.12	13.991
3.14	15.024
3.16	0.502
3.18	2.666
3.2	8.098
3.22	1.909
3.24	-6.963
3.26	1.873
3.28	3.156
3.3	-16.262
3.32	-6.704
3.34	4.936
3.36	-8.903
3.38	-29.157
3.4	-39.858
3.42	-50.009
3.44	-54.316
3.46	-56.963
3.48	-61.205
3.5	-49.076
3.52	-30.7
3.54	15.455
3.56	40.209
3.58	35.433
3.6	22.753
3.62	14.712
3.64	35.663
3.66	45.56
3.68	39.152
3.7	28.34
3.72	57.134
3.74	78.787
3.76	61.551
3.78	36.124
3.8	8.258
3.82	-18.889
3.84	-45.284
3.86	-53.605
3.88	-49.134
3.9	-44.251
3.92	-31.46
3.94	3.639
3.96	27.343
3.98	34.051
4	15.342
4.02	-32.889
4.04	-55.904
4.06	-44.431
4.08	-37.363
4.1	-35.92
4.12	-30.418
4.14	-12.626
4.16	12.289
4.18	41.279
4.2	83.995
4.22	115.921
4.24	117.987
4.26	104.085
4.28	66.9
4.3	-4.442
4.32	-40.81
4.34	-31.015
4.36	-41.062
4.38	-48.838
4.4	-41.453
4.42	-63.277
4.44	-80.52
4.46	-96.138
4.48	-107.327
4.5	-101.06
4.52	-54.514
4.54	67.356
4.56	149.809
4.58	149.931
4.6	89.636
4.62	80.286
4.64	124.739
4.66	139.846
4.68	127.841
4.7	5.805
4.72	-111.295
4.74	-162.452
4.76	-206.055
4.78	-230.568
4.8	-219.978
4.82	-181.45
4.84	-118.969
4.86	-9.559
4.88	103.32
4.9	190.912
4.92	241.563
4.94	236.413
4.96	212.419
4.98	92.888
5	-97.68
5.02	-213.354
5.04	-287.486
5.06	-243.277
5.08	-46.575
5.1	146.632
5.12	233.725
5.14	190.477
5.16	151.995
5.18	108.629
5.2	38.15
5.22	-28.942
5.24	-92.736
5.26	-61.265
5.28	20.757
5.3	75.586
5.32	104.722
5.34	69.229
5.36	-27.639
5.38	-99.229
5.4	-153.552
5.42	-188.992
5.44	-173.674
5.46	-103.502
5.48	31.648
5.5	109.189
5.52	99.692
5.54	52.586
5.56	1.971
5.58	-40.237
5.6	-82.526
5.62	-95.113
5.64	-88.387
5.66	-51.331
5.68	-24.294
5.7	11.13
5.72	47.191
5.74	44.682
5.76	60.571
5.78	103.391
5.8	131.182
5.82	141.693
5.84	128.958
5.86	116.146
5.88	112.697
5.9	32.554
5.92	-84.306
5.94	-165.112
5.96	-221.007
5.98	-238.43
6	-66.883
6.02	105.257
6.04	126.746
6.06	60.4
6.08	-43.6
6.1	-83.518
6.12	-101.217
6.14	-56.545
6.16	18.533
6.18	84.673
6.2	85.645
6.22	7.502
6.24	-57.511
6.26	-73.934
6.28	-91.537
6.3	-106.356
6.32	-50.767
6.34	18.76
6.36	55.296
6.38	31.079
6.4	-35.091
6.42	-33.909
6.44	27.628
6.46	85.19
6.48	121.728
6.5	128.042
6.52	115.419
6.54	41.292
6.56	-30.016
6.58	-51.434
6.6	2.175
6.62	84.426
6.64	121.768
6.66	116.89
6.68	48.537
6.7	-22.915
6.72	-68.343
6.74	-89.626
6.76	-107.7
6.78	-102.323
6.8	-63.69
6.82	-46.612
6.84	-59.274
6.86	-61.662
6.88	-34.955
6.9	-3.822
6.92	-2.721
6.94	1.084
6.96	1.611
6.98	-1.73
7	19.927
7.02	17.475
7.04	4.819
7.06	2.665
7.08	-19.721
7.1	-38.197
7.12	-3.445
7.14	66.722
7.16	84.087
7.18	64.413
7.2	39.5
7.22	16.369
7.24	-10.171
7.26	-32.974
7.28	5.331
7.3	57.874
7.32	85.118
7.34	97.08
7.36	46.364
7.38	-20.983
7.4	-42.043
7.42	-33.478
7.44	-40.878
7.46	-71.232
7.48	-89.887
7.5	-78.156
7.52	-40.315
7.54	-26.114
7.56	-17.521
7.58	-20.537
7.6	-34.205
7.62	-54.543
7.64	-75.901
7.66	-63.3
7.68	-28.76
7.7	-7.861
7.72	-8.868
7.74	16.611
7.76	54.417
7.78	56.145
7.8	12.966
7.82	4.5
7.84	39.586
7.86	81.728
7.88	113.763
7.9	128.678
7.92	77.876
7.94	-17.896
7.96	-90.053
7.98	-97.208
8	-16.9
8.02	59.514
8.04	100.805
8.06	115.961
8.08	89.363
8.1	76.175
8.12	55.663
8.14	-4.446
8.16	-22.905
8.18	-10.504
8.2	27.714
8.22	73.612
8.24	90.402
8.26	57.094
8.28	20.846
8.3	15.47
8.32	31.792
8.34	22.328
8.36	-24.568
8.38	-66.159
8.4	-110.453
8.42	-165.757
8.44	-213.816
8.46	-231.938
8.48	-220.428
8.5	-213.548
8.52	-212.42
8.54	-203.836
8.56	-186.427
8.58	-105.478
8.6	1.719
8.62	81.649
8.64	152.044
8.66	223.695
8.68	277.736
8.7	293.049
8.72	284.978
8.74	173.466
8.76	36.696
8.78	-24.186
8.8	-45.095
8.82	5.142
8.84	79.426
8.86	104.495
8.88	69.953
8.9	25.169
8.92	-23.771
8.94	-73.287
8.96	-124.03
8.98	-170.299
9	-158.421
9.02	-93.478
9.04	-33.749
9.06	-34.482
9.08	-60.963
9.1	-53.284
9.12	-21.981
9.14	9.289
9.16	49.794
9.18	83.082
9.2	92.798
9.22	80.797
9.24	75.38
9.26	33.493
9.28	-25.452
9.3	-60.744
9.32	-72.866
9.34	-38.138
9.36	-0.002
9.38	13.069
9.4	42.433
9.42	104.18
9.44	152.587
9.46	111.848
9.48	-39.622
9.5	-116.598
9.52	-35.257
9.54	70.931
9.56	107.299
9.58	102.176
9.6	63.158
9.62	8.566
9.64	-49.921
9.66	-84.523
9.68	-99.974
9.7	-114.749
9.72	-94.705
9.74	-28.744
9.76	31.477
9.78	43.49
9.8	21.3
9.82	-37.492
9.84	-74.058
9.86	-84.911
9.88	-95.482
9.9	-90.164
9.92	-72.219
9.94	-20.694
9.96	43.131
9.98	82.086
10	91.638
10.02	54.322
10.04	4.804
10.06	-12.966
10.08	27.757
10.1	92.741
10.12	122.491
10.14	92.496
10.16	40.853
10.18	-2.37
10.2	-50.853
10.22	-70.473
10.24	-78.819
10.26	-56.779
10.28	-1.637
10.3	50.904
10.32	41.125
10.34	-25.56
10.36	-87.841
10.38	-111.068
10.4	-102.491
10.42	-59.057
10.44	5.082
10.46	40.045
10.48	59.24
10.5	30.49
10.52	-4.188
10.54	-32.789
10.56	-77.136
10.58	-103.588
10.6	-108.924
10.62	-105.992
10.64	-74.88
10.66	5.771
10.68	57.619
10.7	60.22
10.72	55.852
10.74	51.163
10.76	31.518
10.78	17.765
10.8	38.072
10.82	72.869
10.84	99.133
10.86	119.154
10.88	116.932
10.9	85.975
10.92	47.545
10.94	1.869
10.96	-13.003
10.98	2.721
11	-0.252
11.02	-13.344
11.04	-37.804
11.06	-28.116
11.08	19.347
11.1	29.868
11.12	0.811
11.14	-23.705
11.16	-14.236
11.18	16.348
11.2	40.284
11.22	36.458
11.24	-5.859
11.26	-39.054
11.28	-50.125
11.3	-64.178
11.32	-84.842
11.34	-88.289
11.36	-13.109
11.38	61.566
11.4	41.981
11.42	-19.359
11.44	-47.064
11.46	-45.787
11.48	-2.548
11.5	44.772
11.52	56.99
11.54	37.988
11.56	-5.583
11.58	-34.989
11.6	-50.448
11.62	-45.069
11.64	-13.768
11.66	39.551
11.68	71.567
11.7	62.998
11.72	35.918
11.74	14.774
11.76	3.881
11.78	-2.207
11.8	18.556
11.82	54.274
11.84	82.161
11.86	102.268
11.88	99.975
11.9	70.309
11.92	40.207
11.94	18.933
11.96	-4.174
11.98	-37.446
12	-67.472
12.02	-82.976
12.04	-70.482
12.06	-36.823
12.08	-4.323
12.1	16.901
12.12	18.2
12.14	8.873
12.16	6.757
12.18	0.922
12.2	-25.52
12.22	-49.181
12.24	-55.445
12.26	-36.18
12.28	-5.074
12.3	9.612
12.32	7.482
12.34	-0.568
12.36	-12.063
12.38	-25.347
12.4	-36.518
12.42	-32.023
12.44	-12.337
12.46	4.612
12.48	7.067
12.5	0.157
12.52	0.581
12.54	8.936
12.56	20.275
12.58	20.479
12.6	8.851
12.62	1.656
12.64	5.673
12.66	9.959
12.68	10.268
12.7	11.986
12.72	19.393
12.74	12.265
12.76	-25.565
12.78	-57.455
12.8	-70.199
12.82	-73.325
12.84	-73.565
12.86	-75.195
12.88	-63.117
12.9	-37.935
12.92	-7.768
12.94	24.409
12.96	45.692
12.98	55.438
13	55.253
13.02	44.06
13.04	38.232
13.06	43.629
13.08	48.788
13.1	36.109
13.12	12.357
13.14	-0.836
13.16	-1.825
13.18	4.444
13.2	4.343
13.22	-7.718
13.24	-19.359
13.26	-22.973
13.28	-11.126
13.3	14.782
13.32	30.753
13.34	35.265
13.36	26.57
13.38	5.942
13.4	-18.703
13.42	-38.643
13.44	-45.526
13.46	-42.702
13.48	-35.751
13.5	-35.547
13.52	-37.632
13.54	-30.964
13.56	-16.247
13.58	-9.324
13.6	-17.178
13.62	-28.098
13.64	-22.395
13.66	5.19
13.68	28.578
13.7	30.918
13.72	2.893
13.74	-35.898
13.76	-46.729
13.78	-38.002
13.8	-21.428
13.82	-3.389
13.84	16.309
13.86	34.822
13.88	35.077
13.9	21.935
13.92	16.12
13.94	23.582
13.96	32.59
13.98	29.69
14	12.861
14.02	-7.32
14.04	-19.941
14.06	-19.199
14.08	-12.649
14.1	-10.353
14.12	-15.422
14.14	-26.104
14.16	-33.404
14.18	-30.16
14.2	-19.104
14.22	-13.416
14.24	-12.542
14.26	-17.02
14.28	-24.831
14.3	-29.255
14.32	-32.089
14.34	-27.307
14.36	-11.457
14.38	3.154
14.4	4.859
14.42	-12.345
14.44	-26.218
14.46	-19.335
14.48	2.005
14.5	23.731
14.52	21.911
14.54	-0.345
14.56	-5.107
14.58	13.762
14.6	27.23
14.62	28.65
14.64	22.893
14.66	18.333
14.68	19.604
14.7	24.001
14.72	30.226
14.74	37.689
14.76	42.439
14.78	46.789
14.8	48.643
14.82	52.183
14.84	46.445
14.86	37.828
14.88	34.293
14.9	27.677
14.92	25.902
14.94	34.049
14.96	48.658
14.98	56.179
15	58.47
15.02	53.774
15.04	41.361
15.06	30.497
15.08	21.13
15.1	8.016
15.12	-3.424
15.14	-10.061
15.16	-5.238
15.18	1.939
15.2	-2.154
15.22	-9.794
15.24	-15.605
15.26	-18.938
15.28	-22.732
15.3	-36.926
15.32	-54.442
15.34	-53.035
15.36	-34.972
15.38	-25.953
15.4	-29.564
15.42	-35.386
15.44	-35.867
15.46	-30.468
15.48	-29.002
15.5	-24.712
15.52	-7.932
15.54	14.443
15.56	20.226
15.58	15.383
15.6	6.347
15.62	-4.146
15.64	-8.821
15.66	-0.338
15.68	11.658
15.7	13.561
15.72	5.277
15.74	-7.476
15.76	-17.697
15.78	-29.322
15.8	-39.986
15.82	-41.331
15.84	-26.99
15.86	-11.193
15.88	-7.307
15.9	0.052
15.92	11.852
15.94	18.262
15.96	24.362
15.98	20.267
16	12.136
16.02	10.04
16.04	8.02
16.06	-2.494
16.08	-7.396
16.1	-0.54
16.12	14.112
16.14	25.157
16.16	27.713
16.18	32.363
16.2	37.122
16.22	45.662
16.24	43.087
16.26	36.357
16.28	15.236
16.3	-8.331
16.32	-18.873
16.34	-19.376
16.36	-11.836
16.38	-19.948
16.4	-36.107
16.42	-47.659
16.44	-46.567
16.46	-32.012
16.48	-10.373
16.5	5.649
16.52	3.291
16.54	-14.169
16.56	-29.865
16.58	-36.3
16.6	-39.309
16.62	-31.825
16.64	-16.385
16.66	-0.773
16.68	13.167
16.7	21.922
16.72	27.65
16.74	33.153
16.76	38.155
16.78	37.894
16.8	42.533
16.82	52.054
16.84	50.717
16.86	30.643
16.88	11.661
16.9	5.627
16.92	14.638
16.94	24.282
16.96	30.676
16.98	24.506
17	2.302
17.02	-15.675
17.04	-24.921
17.06	-21.109
17.08	-11.336
17.1	-6.381
17.12	-14.958
17.14	-31.683
17.16	-47.007
17.18	-52.063
17.2	-44.693
17.22	-35.207
17.24	-33.955
17.26	-35.254
17.28	-37.39
17.3	-34.431
17.32	-23.163
17.34	-10.175
17.36	-5.323
17.38	-7.755
17.4	-12.833
17.42	-13.82
17.44	-7.896
17.46	-3.812
17.48	-0.306
17.5	2.026
17.52	-0.181
17.54	-1.479
17.56	1.828
17.58	7.52
17.6	7.429
17.62	-2.053
17.64	-12.274
17.66	-19.748
17.68	-23.726
17.7	-22.736
17.72	-25.162
17.74	-23.574
17.76	-11.224
17.78	-2.237
17.8	2.864
17.82	4.388
17.84	2.653
17.86	4.364
17.88	10.949
17.9	21.892
17.92	32.866
17.94	38.08
17.96	34.827
17.98	25.819
18	21.375
18.02	21.067
18.04	19.762
18.06	16.471
18.08	13.709
18.1	9.941
18.12	9.315
18.14	12.213
18.16	15.923
18.18	23.763
18.2	32.301
18.22	32.623
18.24	20.232
18.26	5.615
18.28	0.863
18.3	-2.162
18.32	-11.071
18.34	-20.137
18.36	-25.599
18.38	-26.984
18.4	-24.585
18.42	-21.833
18.44	-19.326
18.46	-6.767
18.48	8.377
18.5	19.686
18.52	23.565
18.54	23.646
18.56	21.714
18.58	16.798
18.6	8.46
18.62	-3.181
18.64	-10.411
18.66	-8.551
18.68	1.703
18.7	8.096
18.72	8.312
18.74	5.648
18.76	6.704
18.78	10.723
18.8	15.018
18.82	17.012
18.84	16.749
18.86	13.527
18.88	2.204
18.9	-13.509
18.92	-29.137
18.94	-35.357
18.96	-23.497
18.98	2.809
19	19.275
19.02	22.046
19.04	17.27
19.06	7.895
19.08	-0.206
19.1	-5.224
19.12	-6.683
19.14	-10.733
19.16	-17.679
19.18	-24.587
19.2	-28.393
19.22	-23.217
19.24	-9.573
19.26	0.01
19.28	5.651
19.3	7.705
19.32	2.651
19.34	-5.613
19.36	-8.258
19.38	-6.21
19.4	-4.855
19.42	-3.53
19.44	-2.687
19.46	-3.463
19.48	-5.281
19.5	-7.606
19.52	-10.566
19.54	-11.449
19.56	-15.345
19.58	-15.932
19.6	-8.943
19.62	-0.459
19.64	7.332
19.66	16.664
19.68	23.325
19.7	22.241
19.72	14.031
19.74	7.883
19.76	12.764
19.78	20.539
19.8	20.533
19.82	15.896
19.84	13.874
19.86	18.013
19.88	21.727
19.9	22.729
19.92	21.917
19.94	21.226
19.96	15.732
19.98	2.382
20	-5.678
20.02	-8.964
20.04	-7.212
20.06	-5.749
20.08	-8.221
20.1	-14.376
20.12	-19.655
20.14	-22.147
20.16	-22.026
20.18	-15.649
20.2	-6.382
20.22	-1.951
20.24	-3.276
20.26	-9.901
20.28	-19.387
20.3	-22.897
20.32	-18.394
20.34	-10.649
20.36	-2.784
20.38	6.325
20.4	10.409
20.42	8.719
20.44	1.63
20.46	-6.327
20.48	-9.121
20.5	-11.543
20.52	-14.036
20.54	-10.216
20.56	3.627
20.58	12.804
20.6	9.604
20.62	-1.337
20.64	-13.572
20.66	-15.227
20.68	-7.873
20.7	-2.077
20.72	-3.325
20.74	-5.869
20.76	-0.869
20.78	6.758
20.8	8.802
20.82	5.578
20.84	3.324
20.86	5.611
20.88	13.403
20.9	23.844
20.92	29.749
20.94	27.752
20.96	17.708
20.98	4.427
21	-8.463
21.02	-12.84
21.04	-9.595
21.06	-0.38
21.08	5.752
21.1	0.13
21.12	-8.321
21.14	-11.807
21.16	-8.476
21.18	-6.354
21.2	-7.614
21.22	-6.468
21.24	-2.886
21.26	-0.079
21.28	2.369
21.3	3.806
21.32	5.824
21.34	6.882
21.36	6.86
21.38	2.2
21.4	-1.611
21.42	-3.216
21.44	-3.65
21.46	1.105
21.48	9.717
21.5	12.383
21.52	3.785
21.54	-3.649
21.56	-10.151
21.58	-11.8
21.6	-9.236
21.62	-9.499
21.64	-11.046
21.66	-12.661
21.68	-11.927
21.7	-5.693
21.72	2.711
21.74	6.747
21.76	9.987
21.78	10.073
21.8	9.952
21.82	4.817
21.84	-8.409
21.86	-13.734
21.88	-8.154
21.9	-1.228
21.92	1.383
21.94	-0.29
21.96	-2.333
21.98	-3.395
22	-5.06
22.02	-1.409
22.04	5.931
22.06	7.849
22.08	9.306
22.1	8.454
22.12	1.138
22.14	-7.741
22.16	-14.688
22.18	-14.725
22.2	-13.549
22.22	-13.599
22.24	-12.988
22.26	-13.382
22.28	-17.218
22.3	-18.753
22.32	-13.486
22.34	-0.47
22.36	11.03
22.38	14.24
22.4	8.392
22.42	-1.115
22.44	-7.78
22.46	-12.793
22.48	-8.187
22.5	6.681
22.52	21.123
22.54	28.573
22.56	28.201
22.58	20.452
22.6	11.192
22.62	7.653
22.64	11.165
22.66	13.597
22.68	13.005
22.7	7.884
22.72	2.061
22.74	-0.749
22.76	1.479
22.78	5.886
22.8	8.831
22.82	10.755
22.84	11.982
22.86	13.63
22.88	11.535
22.9	10.368
22.92	7.641
22.94	-0.189
22.96	-5.425
22.98	-6.399
23	-3.523
23.02	-0.728
23.04	-3.547
23.06	-11.053
23.08	-19.604
23.1	-26.349
23.12	-28.991
23.14	-22.176
23.16	-3.86
23.18	10.056
23.2	10.203
23.22	6.707
23.24	2.905
23.26	1.719
23.28	0.625
23.3	-2.12
23.32	-1.444
23.34	1.24
23.36	-0.752
23.38	-4.199
23.4	-5.104
23.42	-8.411
23.44	-9.576
23.46	-8.631
23.48	-8.128
23.5	-7.283
23.52	-2.065
23.54	5.564
23.56	11.301
23.58	15.471
23.6	12.686
23.62	6.572
23.64	2.021
23.66	-2.562
23.68	-4.362
23.7	-3.027
23.72	-5.196
23.74	-8.002
23.76	-6.847
23.78	-0.367
23.8	0.073
23.82	-5.98
23.84	-8.552
23.86	-5.744
23.88	-0.339
23.9	2.526
23.92	2.112
23.94	1.12
23.96	-0.954
23.98	-3.882
24	-4.624
24.02	-2.225
24.04	4.659
24.06	9.989
24.08	9.859
24.1	6.402
24.12	2.231
24.14	-2.342
24.16	-0.475
24.18	7.781
24.2	12.332
24.22	11.228
24.24	6.907
24.26	7.156
24.28	11.577
24.3	12.995
24.32	10.246
24.34	3.507
24.36	0.837
24.38	2.282
24.4	7.67
24.42	9.643
24.44	8.927
24.46	9.646
24.48	12.814
24.5	16.99
24.52	15.267
24.54	12.772
24.56	16.983
24.58	20.631
24.6	18.209
24.62	10.612
24.64	0.304
24.66	-6.779
24.68	-9.823
24.7	-10.692
24.72	-12.948
24.74	-12.28
24.76	-8.469
24.78	-0.955
24.8	4.652
24.82	0.225
24.84	-5.946
24.86	-7.723
24.88	-6.154
24.9	-7.128
24.92	-14.102
24.94	-22.332
24.96	-24.806
24.98	-19.059
25	-9.134
25.02	-1.993
25.04	1.019
25.06	1.372
25.08	-2.802
25.1	-5.09
25.12	-7.165
25.14	-7.31
25.16	-10.012
25.18	-13.157
25.2	-9.955
25.22	-8.137
25.24	-10.45
25.26	-11.555
25.28	-7.051
25.3	-1.577
25.32	0.712
25.34	-5.039
25.36	-11.559
25.38	-13.086
25.4	-11.819
25.42	-7.478
25.44	-4.6
25.46	-4.865
25.48	-8.23
25.5	-12.334
25.52	-13.015
25.54	-12.113
25.56	-13.123
25.58	-11.93
25.6	-5.94
25.62	0.3
25.64	7.682
25.66	14.807
25.68	16.895
25.7	11.316
25.72	3.461
25.74	0.586
25.76	1.686
25.78	3.435
25.8	6.001
25.82	7.385
25.84	9.919
25.86	11.119
25.88	12.3
25.9	10.813
25.92	1.703
25.94	-4.326
25.96	-7.117
25.98	-5.656
26	0.392
26.02	4.089
26.04	2.247
26.06	-1.942
26.08	-4.895
26.1	-2.248
26.12	3.529
26.14	8.304
26.16	8.376
26.18	3.707
26.2	1.177
26.22	4.111
26.24	9.082
26.26	11.949
26.28	12.042
26.3	12.067
26.32	11.973
26.34	11.66
26.36	8.746
26.38	6.357
26.4	5.871
26.42	8.159
26.44	12.021
26.46	8.94
26.48	0.171
26.5	-8.511
26.52	-10.767
26.54	-9.389
26.56	-3.089
26.58	5.001
26.6	8.449
26.62	8.569
26.64	8.642
26.66	4.21
26.68	-5.362
26.7	-8.251
26.72	-6.117
26.74	-5.088
26.76	-6.027
26.78	-8.183
26.8	-7.056
26.82	-3.429
26.84	-2.76
26.86	-1.367
26.88	0.314
26.9	0.148
26.92	-0.97
26.94	-3.039
26.96	-2.144
26.98	-4.543
27	-2.774
27.02	2.021
27.04	3.429
27.06	5.585
27.08	8.583
27.1	11.252
27.12	11.363
27.14	11.435
27.16	9.466
27.18	7.911
27.2	5.852
27.22	5.714
27.24	5.633
27.26	7.927
27.28	8.57
27.3	9.588
27.32	11.566
27.34	11.3
27.36	11.277
27.38	7.242
27.4	2.437
27.42	-2.211
27.44	-4.866
27.46	-5.358
27.48	-5.444
27.5	-3.317
27.52	-2.476
27.54	-2.513
27.56	-4.078
27.58	-5.61
27.6	-5.391
27.62	-7.83
27.64	-8.442
27.66	-11.33
27.68	-15.824
27.7	-16.687
27.72	-16.49
27.74	-16.506
27.76	-14.276
27.78	-12.47
27.8	-9.924
27.82	-10.433
27.84	-10.438
27.86	-7.954
27.88	-8.136
27.9	-4.944
27.92	-0.076
27.94	0.476
27.96	-2.466
27.98	-4.137
28	-3.868
28.02	-5.235
28.04	-7.972
28.06	-6.695
28.08	-3.391
28.1	0.108
28.12	0.308
28.14	0.537
28.16	-1.059
28.18	-2.481
28.2	-2.786
28.22	-5.141
28.24	-5.315
28.26	-5.218
28.28	-7.626
28.3	-5.728
28.32	-1.852
28.34	-2.588
28.36	-5.723
28.38	-5.532
28.4	-0.343
28.42	3.507
28.44	5.688
28.46	4.174
28.48	0.734
28.5	-4.26
28.52	-5.56
28.54	-4.969
28.56	-2.561
28.58	-1.577
28.6	-2.815
28.62	-1.165
28.64	1.771
28.66	3.216
28.68	2.923
28.7	3.404
28.72	9.095
28.74	12.593
28.76	12.762
28.78	13.752
28.8	10.809
28.82	7.484
28.84	5.422
28.86	6.535
28.88	11.138
28.9	12.965
28.92	10.695
28.94	7.184
28.96	5.631
28.98	5.855
29	7.677
29.02	8.635
29.04	8.432
29.06	4.74
29.08	2.828
29.1	0.897
29.12	0.287
29.14	2.784
29.16	3.765
29.18	5.839
29.2	5.81
29.22	5.24
29.24	2.737
29.26	2.701
29.28	4.675
29.3	9.041
29.32	11.771
29.34	11.073
29.36	6.832
29.38	-0.254
29.4	-4.062
29.42	-7.26
29.44	-7.222
29.46	-5.866
29.48	-4.854
29.5	-2.445
29.52	-0.079
29.54	2.524
29.56	3.272
29.58	3.043
29.6	3.126
29.62	1.999
29.64	0.642
29.66	-1.648
29.68	-2.695
29.7	-2.649
29.72	-2.629
29.74	-2.896
29.76	-2.763
29.78	-0.133
29.8	-1.853
29.82	-4.15
29.84	-6.475
29.86	-9.821
29.88	-12.682
29.9	-13.886
29.92	-11.488
29.94	-10.984
29.96	-10.962
29.98	-11.097
30	-9.07
30.02	-4.942
30.04	-2.908
30.06	-2.45
30.08	-4.566
30.1	-8.494
30.12	-8.682
30.14	-3.287
30.16	2.622
30.18	5.732
30.2	3.939
30.22	2.694
30.24	3.099
30.26	1.26
30.28	0.103
30.3	1.651
30.32	4.446
30.34	6.387
30.36	5.196
30.38	0.763
30.4	-2.856
30.42	-1.773
30.44	0.478
30.46	-0.852
30.48	-4.579
30.5	-7.947
30.52	-8.143
30.54	-3.456
30.56	1.331
30.58	3.827
30.6	2.995
30.62	-1.216
30.64	-4.159
30.66	-3.318
30.68	-2.4
30.7	-4.682
30.72	-5.161
30.74	0.711
30.76	6.839
30.78	8.649
30.8	8.118
30.82	7.819
30.84	8.141
30.86	7.55
30.88	5.735
30.9	2.63
30.92	1.356
30.94	0.405
30.96	0.166
30.98	0.075
31	0.561
31.02	3.537
31.04	6.198
31.06	7.698
31.08	7.749
31.1	6.044
31.12	5.481
31.14	5.49
31.16	6.77
31.18	8.557
31.2	7.235
31.22	3.319
31.24	-1.482
31.26	-4.837
31.28	-3.643
31.3	0.528
31.32	4.044
31.34	5.812
31.36	5.607
31.38	3.721
31.4	1.441
31.42	0.103
31.44	0.182
31.46	2.449
31.48	4.028
31.5	2.959
31.52	-0.817
31.54	-6.765
31.56	-10.451
31.58	-9.101
31.6	-6.184
31.62	-5.346
31.64	-5.522
31.66	-7.324
31.68	-9.828
31.7	-9.396
31.72	-8.36
31.74	-5.798
31.76	-2.491
31.78	0.346
31.8	1.426
31.82	-1
31.84	-4.824
31.86	-5.656
31.88	-4.898
31.9	-1.171
31.92	2.51
31.94	3.769
31.96	3.819
31.98	3.18
32	2.866
32.02	0.821
32.04	2.505
32.06	2.94
32.08	3.265
32.1	4.641
32.12	6.671
32.14	8.509
32.16	8.367
32.18	8.552
32.2	6.404
32.22	3.897
32.24	1.75
32.26	0.304
32.28	0.167
32.3	1.148
32.32	0.434
32.34	0.043
32.36	0.141
32.38	0.376
32.4	0.5
32.42	0.276
32.44	-0.702
32.46	-3.497
32.48	-5.289
32.5	-7.496
32.52	-8.599
32.54	-7.271
32.56	-5.671
32.58	-7.336
32.6	-10.529
32.62	-12.03
32.64	-11.09
32.66	-8.099
32.68	-2.994
32.7	1.202
32.72	2.786
32.74	0.858
32.76	-0.012
32.78	0.138
32.8	0.212
32.82	-1.087
32.84	-3.065
32.86	-2.49
32.88	-3.042
32.9	-4.554
32.92	-6.764
32.94	-7.433
32.96	-5.7
32.98	-4.04
33	-1.622
33.02	0.125
33.04	0.077
33.06	-0.166
33.08	-1.211
33.1	-2.494
33.12	-2.915
33.14	-1.429
33.16	1.569
33.18	5.247
33.2	8.382
33.22	9.505
33.24	8.823
33.26	7.392
33.28	4.551
33.3	2.999
33.32	1.956
33.34	-1.145
33.36	-2.058
33.38	-0.44
33.4	1.219
33.42	1.931
33.44	4.423
33.46	5.254
33.48	2.089
33.5	-0.752
33.52	-2.908
33.54	-1.36
33.56	2.214
33.58	5.873
33.6	7.235
33.62	5.747
33.64	2.959
33.66	1.407
33.68	1.849
33.7	4.297
33.72	5.9
33.74	5.382
33.76	2.37
33.78	-2.848
33.8	-5.821
33.82	-6.862
33.84	-5.338
33.86	-2.355
33.88	-0.046
33.9	0.121
33.92	0.04
33.94	0.133
33.96	0.01
33.98	0.168
34	-1.201
34.02	-1.225
34.04	-0.004
34.06	0.201
34.08	-1.029
34.1	-3.096
34.12	-5.299
34.14	-4.997
34.16	-1.936
34.18	-0.152
34.2	1.894
34.22	2.921
34.24	1.202
34.26	-0.016
34.28	1.224
34.3	4.702
34.32	6.473
34.34	5.241
34.36	3.031
34.38	2.151
34.4	2.98
34.42	4.171
34.44	5.239
34.46	6.263
34.48	7.064
34.5	6.297
34.52	4.893
34.54	4.216
34.56	3.65
34.58	1.311
34.6	-2.234
34.62	-1.863
34.64	0.433
34.66	0.15
34.68	-0.008
34.7	0.16
34.72	1.598
34.74	3.608
34.76	4.238
34.78	3.372
34.8	0.289
34.82	-2.451
34.84	-3.072
34.86	-1.56
34.88	2.003
34.9	3.266
34.92	1.861
34.94	-1.416
34.96	-5.06
34.98	-6.583
35	-5.468
35.02	-3.635
35.04	-2.69
35.06	-3.139
35.08	-4.237
35.1	-3.59
35.12	-2.84
35.14	-2.015
35.16	0.823
35.18	3.625
35.2	5.504
35.22	5.624
35.24	4.383
35.26	1.816
35.28	1.744
35.3	2.716
35.32	2.856
35.34	3.943
35.36	3.327
35.38	0.948
35.4	-2.701
35.42	-5.425
35.44	-7.166
35.46	-7.139
35.48	-5.969
35.5	-4.699
35.52	-5.391
35.54	-5.736
35.56	-5.034
35.58	-3.486
35.6	-2.852
35.62	-2.821
35.64	-3.97
35.66	-5.511
35.68	-6.252
35.7	-7.132
35.72	-6.976
35.74	-6.49
35.76	-4.438
35.78	-2.504
35.8	-0.686
35.82	-1.096
35.84	-3.375
35.86	-6.68
35.88	-8.59
35.9	-8.492
35.92	-8.211
35.94	-6.838
35.96	-5.871
35.98	-5.56
36	-5.755
36.02	-5.566
36.04	-5.818
36.06	-4.91
36.08	-2.302
36.1	-0.311
36.12	1.219
36.14	1.282
36.16	1.359
36.18	2.736
36.2	3.906
36.22	5.08
36.24	5.444
36.26	5.458
36.28	6.796
36.3	8.682
36.32	10.509
36.34	11.005
36.36	11.208
36.38	9.629
36.4	7.299
36.42	6.205
36.44	6.006
36.46	6.323
36.48	6.481
36.5	6.656
36.52	7
36.54	6.616
36.56	5.689
36.58	4.269
36.6	1.708
36.62	-0.218
36.64	-0.515
36.66	-0.395
36.68	-0.285
36.7	0.31
36.72	1.242
36.74	2.559
36.76	4.919
36.78	6.631
36.8	7.201
36.82	6.681
36.84	5.638
36.86	4.959
36.88	2.903
36.9	2.203
36.92	0.363
36.94	-1.879
36.96	-2.531
36.98	-1.483
37	-0.204
37.02	1.164
37.04	1.304
37.06	0.068
37.08	-1.221
37.1	-3.089
37.12	-4.243
37.14	-4.631
37.16	-3.599
37.18	-3.221
37.2	-3.017
37.22	-4.193
37.24	-4.014
37.26	-3.058
37.28	-2.762
37.3	-0.984
37.32	-0.238
37.34	-0.953
37.36	-2.231
37.38	-3.431
37.4	-4.757
37.42	-4.806
37.44	-3.935
37.46	-2.23
37.48	-0.444
37.5	-0.48
37.52	-1.341
37.54	-2.701
37.56	-2.577
37.58	-2.185
37.6	-1.954
37.62	-2.066
37.64	-3.375
37.66	-2.262
37.68	0.079
37.7	0.181
37.72	0.28
37.74	0.492
37.76	-0.969
37.78	-1.003
37.8	-1.55
37.82	-2.658
37.84	-3.38
37.86	-4.274
37.88	-4.274
37.9	-3.171
37.92	0.55
37.94	2.428
37.96	2.256
37.98	0.954
38	-0.572
38.02	-1.166
38.04	-1.244
38.06	-1.14
38.08	-0.448
38.1	1.149
38.12	1.331
38.14	1.343
38.16	0.569
38.18	-0.675
38.2	-1.951
38.22	-3.304
38.24	-3.451
38.26	-1.438
38.28	0.031
38.3	-0.059
38.32	0.124
38.34	0.699
38.36	0.132
38.38	0.09
38.4	-0.259
38.42	-1.685
38.44	-1.795
38.46	-1.095
38.48	0.524
38.5	1.596
38.52	1.174
38.54	0.206
38.56	-1.216
38.58	-1.5
38.6	-0.511
38.62	0.75
38.64	1.314
38.66	2.416
38.68	3.893
38.7	4.162
38.72	4.012
38.74	3.073
38.76	2.27
38.78	0.928
38.8	-0.769
38.82	-1.911
38.84	-2.299
38.86	-1.474
38.88	-0.37
38.9	1.465
38.92	2.585
38.94	2.494
38.96	2.638
38.98	2.68
39	2.822
39.02	2.821
39.04	2.984
39.06	2.128
39.08	2.935
39.1	5.216
39.12	7.007
39.14	7.05
39.16	5.684
39.18	4.884
39.2	3.484
39.22	2.41
39.24	2.169
39.26	3.188
39.28	3.719
39.3	3.73
39.32	2.914
39.34	2.163
39.36	2.371
39.38	2.591
39.4	2.259
39.42	0.507
39.44	-1.808
39.46	-3.996
39.48	-4.76
39.5	-4.115
39.52	-2.606
39.54	-0.206
39.56	0.922
39.58	2.105
39.6	2.086
39.62	0.699
39.64	-0.354
39.66	-0.776
39.68	-0.251
39.7	-0.382
39.72	0.185
39.74	0.834
39.76	1.205
39.78	-0.292
39.8	-2.215
39.82	-4.127
39.84	-4.67
39.86	-4.443
39.88	-5.135
39.9	-6.668
39.92	-7.304
39.94	-6.048
39.96	-5.529
39.98	-5.609
40	-6.438
40.02	-5.734
40.04	-3.055
40.06	-1.941
40.08	-0.673
40.1	-0.788
40.12	-2.077
40.14	-3.328
40.16	-4.523
40.18	-4.55
40.2	-4.126
40.22	-2.142
40.24	-1.95
40.26	-3.188
40.28	-4.263
40.3	-4.606
40.32	-4.323
40.34	-2.345
40.36	-1.457
40.38	-0.26
40.4	-0.559
40.42	-0.285
40.44	1.11
40.46	1.259
40.48	2.511
40.5	3.618
40.52	5.111
40.54	5.511
40.56	5.794
40.58	5.416
40.6	5.204
40.62	5.869
40.64	6.805
40.66	6.458
40.68	5.002
40.7	3.888
40.72	3.808
40.74	4.775
40.76	4.173
40.78	3.753
40.8	3.95
40.82	3.805
40.84	3.935
40.86	3.824
40.88	3.871
40.9	2.516
40.92	2.869
40.94	3.907
40.96	3.901
40.98	3.78
41	2.606
41.02	2.513
41.04	2.462
41.06	1.844
41.08	1.22
41.1	-0.18
41.12	-2.29
41.14	-2.953
41.16	-3.198
41.18	-2.532
41.2	-1.639
41.22	-1.648
41.24	-1.72
41.26	-0.42
41.28	-0.314
41.3	-1.674
41.32	-2.411
41.34	-3.878
41.36	-4.575
41.38	-3.816
41.4	-1.754
41.42	-2.441
41.44	-4.426
41.46	-5.354
41.48	-5.168
41.5	-3.628
41.52	-1.761
41.54	-1.607
41.56	-1.591
41.58	-2.176
41.6	-3.586
41.62	-3.943
41.64	-2.672
41.66	-1.536
41.68	-1.741
41.7	-2.895
41.72	-4.649
41.74	-6.432
41.76	-7.316
41.78	-6.014
41.8	-3.729
41.82	-1.873
41.84	-1.488
41.86	-1.659
41.88	-1.518
41.9	-1.64
41.92	-1.49
41.94	-0.839
41.96	-1.196
41.98	-2.299
42	-4.214
42.02	-3.506
42.04	-2.223
42.06	-1.17
42.08	-0.031
42.1	0.699
42.12	1.156
42.14	-0.439
42.16	-1.628
42.18	-2.438
42.2	-3.48
42.22	-3.27
42.24	-2.127
42.26	-0.071
42.28	1.254
42.3	2.085
42.32	3.634
42.34	4.151
42.36	3.997
42.38	4.174
42.4	3.748
42.42	2.726
42.44	2.662
42.46	3.559
42.48	4.517
42.5	5.655
42.52	6.801
42.54	6.951
42.56	6.98
42.58	6.296
42.6	5.263
42.62	4.296
42.64	3.984
42.66	4.235
42.68	3.652
42.7	2.57
42.72	3.554
42.74	4.214
42.76	4.082
42.78	3.909
42.8	3.22
42.82	1.844
42.84	1.299
42.86	1.39
42.88	1.561
42.9	2.816
42.92	3.854
42.94	4.249
42.96	4.049
42.98	4.231
43	4.03
43.02	3.879
43.04	2.617
43.06	1.349
43.08	0.152
43.1	0.283
43.12	1.424
43.14	1.451
43.16	0.846
43.18	-1.615
43.2	-3.649
43.22	-4.49
43.24	-5.119
43.26	-5.962
43.28	-6.546
43.3	-6.891
43.32	-6.683
43.34	-5.026
43.36	-3.472
43.38	-2.686
43.4	-1.581
43.42	-1.384
43.44	-1.431
43.46	-2.674
43.48	-2.508
43.5	-1.389
43.52	-1.362
43.54	-1.653
43.56	-2.797
43.58	-2.73
43.6	-2.729
43.62	-1.551
43.64	-1.295
43.66	-2.018
43.68	-3.667
43.7	-3.865
43.72	-1.871
43.74	0.023
43.76	1.716
43.78	1.656
43.8	0.503
43.82	-1.363
43.84	-2.144
43.86	-1.224
43.88	0.695
43.9	2.407
43.92	3.226
43.94	3.353
43.96	3.365
43.98	3.182
44	3.244
44.02	3.432
44.04	4.747
44.06	5.35
44.08	5.389
44.1	5.478
44.12	5.63
44.14	4.915
44.16	3.424
44.18	3.011
44.2	2.875
44.22	1.773
44.24	0.616
44.26	-0.405
44.28	-2.139
44.3	-2.487
44.32	-2.79
44.34	-2.852
44.36	-2.159
44.38	-1.185
44.4	-2.386
44.42	-2.643
44.44	-2.823
44.46	-2.977
44.48	-2.674
44.5	-3.023
44.52	-2.868
44.54	-3.099
44.56	-2.93
44.58	-3.497
44.6	-4.598
44.62	-4.491
44.64	-3.381
44.66	-3.265
44.68	-3.369
44.7	-3.397
44.72	-3.451
44.74	-3.49
44.76	-3.544
44.78	-3.583
44.8	-3.724
44.82	-3.695
44.84	-3.733
44.86	-3.681
44.88	-3.793
44.9	-3.778
44.92	-3.837
44.94	-3.737
44.96	-3.905
44.98	-3.267
45	-2.44
45.02	-2.536
45.04	-2.537
45.06	-2.346
45.08	-1.098
45.1	1.002
45.12	1.722
45.14	1.584
45.16	1.588
45.18	1.232
45.2	1.327
45.22	1.693
45.24	1.727
45.26	3.471
45.28	4.43
45.3	5.81
45.32	6.637
45.34	6.51
45.36	7.172
45.38	7.434
45.4	7.797
45.42	7.161
45.44	5.594
45.46	4.282
45.48	4.455
45.5	4.374
45.52	4.411
45.54	4.415
45.56	4.36
45.58	3.297
45.6	1.602
45.62	0.174
45.64	-0.047
45.66	0.447
45.68	-0.113
45.7	-1.18
45.72	-1.17
45.74	-1.136
45.76	-1.714
45.78	-1.941
45.8	-1.215
45.82	-1.339
45.84	-2.565
45.86	-2.477
45.88	-2.577
45.9	-2.473
45.92	-2.579
45.94	-2.445
45.96	-2.719
45.98	-3.83
46	-3.919
46.02	-3.812
46.04	-2.653
46.06	-2.375
46.08	-2.575
46.1	-2.468
46.12	-1.65
46.14	-0.803
46.16	0.094
46.18	1.592
46.2	1.64
46.22	1.281
46.24	0.609
46.26	0.477
46.28	-0.094
46.3	-0.924
46.32	-1.943
46.34	-1.865
46.36	-1.073
46.38	-0.094
46.4	0.394
46.42	0.674
46.44	1.845
46.46	1.647
46.48	1.77
46.5	1.885
46.52	2.513
46.54	2.002
46.56	2.612
46.58	3.161
46.6	3.13
46.62	2.204
46.64	1.635
46.66	1.697
46.68	1.177
46.7	1.697
46.72	3.135
46.74	4.4
46.76	4.509
46.78	4.44
46.8	3.665
46.82	2.276
46.84	2.058
46.86	3.25
46.88	3.139
46.9	2.62
46.92	1.921
46.94	2.599
46.96	1.846
46.98	1.828
47	2.911
47.02	3.472
47.04	4.494
47.06	4.482
47.08	4.386
47.1	3.361
47.12	2.092
47.14	1.925
47.16	3.158
47.18	3.086
47.2	2.651
47.22	1.204
47.24	-0.712
47.26	-1.647
47.28	-3.01
47.3	-4.185
47.32	-5.188
47.34	-5.262
47.36	-5.243
47.38	-5.23
47.4	-5.287
47.42	-4.092
47.44	-4.102
47.46	-4.326
47.48	-4.381
47.5	-5.283
47.52	-6.237
47.54	-6.75
47.56	-6.572
47.58	-6.357
47.6	-5.586
47.62	-4.297
47.64	-4.682
47.66	-5.012
47.68	-3.803
47.7	-3.812
47.72	-3.857
47.74	-2.878
47.76	-2.381
47.78	-1.511
47.8	-0.947
47.82	-1.189
47.84	-1.156
47.86	-1.152
47.88	-1.238
47.9	-0.826
47.92	0.43
47.94	1.514
47.96	1.699
47.98	1.645
48	1.657
48.02	1.742
48.04	3.111
48.06	2.392
48.08	1.48
48.1	1.753
48.12	1.553
48.14	1.71
48.16	1.565
48.18	0.796
48.2	1.395
48.22	1.775
48.24	2.237
48.26	2.26
48.28	1.427
48.3	2.108
48.32	3.696
48.34	5.929
48.36	6.998
48.38	5.384
48.4	3.695
48.42	2.948
48.44	3.562
48.46	4.803
48.48	5.616
48.5	5.906
48.52	5.642
48.54	6.811
48.56	6.635
48.58	5.301
48.6	4.228
48.62	3.06
48.64	2.877
48.66	3.057
48.68	4.206
48.7	3.635
48.72	2.548
48.74	0.794
48.76	-1.125
48.78	-1.33
48.8	-1.755
48.82	-2.817
48.84	-3.883
48.86	-4.136
48.88	-4.01
48.9	-5.516
48.92	-6.832
48.94	-6.884
48.96	-6.742
48.98	-7.439
49	-8.425
49.02	-8.281
49.04	-8.915
49.06	-9.823
49.08	-9.107
49.1	-8.264
49.12	-8.392
49.14	-8.332
49.16	-7.603
49.18	-6.947
49.2	-7.898
49.22	-7.491
49.24	-6.324
49.26	-5.372
49.28	-3.11
49.3	-1.65
49.32	-0.458
49.34	-0.701
49.36	-1.628
49.38	-1.342
49.4	-1.524
49.42	-1.399
49.44	-1.497
49.46	-1.679
49.48	-1.691
49.5	-0.33
49.52	0.385
49.54	-1.115
49.56	-1.587
49.58	-1.381
49.6	-2.542
49.62	-1.813
49.64	1.157
49.66	2.706
49.68	1.629
49.7	0.621
49.72	1.436
49.74	1.105
49.76	-0.004
49.78	0.002
49.8	1.903
49.82	4.763
49.84	5.087
49.86	3.435
49.88	1.852
49.9	1.036
49.92	2.172
49.94	4.353
49.96	6.362
49.98	6.978
50	6.793
50.02	6.749
50.04	6.128
50.06	6.277
50.08	6.891
50.1	6.82
50.12	6.75
50.14	4.359
50.16	1.907
50.18	1.069
50.2	2.007
50.22	3.938
50.24	5.579
50.26	5.746
50.28	4.583
50.3	3.453
50.32	1.383
50.34	1.218
50.36	1.106
50.38	2.724
50.4	4.142
50.42	3.912
50.44	4.069
50.46	3.832
50.48	4.013
50.5	3.819
50.52	4.066
50.54	3.006
50.56	0.333
50.58	-1.118
50.6	-1.717
50.62	-2.284
50.64	-2.018
50.66	-3.079
50.68	-4.351
50.7	-6.146
50.72	-6.93
50.74	-5.36
50.76	-4.636
50.78	-4.287
50.8	-3.502
50.82	-2.07
50.84	-1.757
50.86	-0.931
50.88	0.14
50.9	-0.778
50.92	-0.902
50.94	-0.798
50.96	-0.546
50.98	-0.286
51	0.183
51.02	1.287
51.04	0.931
51.06	1.331
51.08	0.255
51.1	-1.736
51.12	-2.196
51.14	-3.305
51.16	-2.952
51.18	-2.188
51.2	-0.517
51.22	1.129
51.24	1.058
51.26	1.091
51.28	1.078
51.3	1.074
51.32	1.086
51.34	1.063
51.36	1.115
51.38	2.193
51.4	2.539
51.42	2.368
51.44	2.474
51.46	1.141
51.48	1.17
51.5	0.697
51.52	0.107
51.54	0.933
51.56	1.4
51.58	2.503
51.6	2.226
51.62	1.319
51.64	1.021
51.66	1.08
51.68	1.053
51.7	1.066
51.72	1.059
51.74	1.064
51.76	1.052
51.78	1.098
51.8	0.464
51.82	-1.222
51.84	-1.814
51.86	-1.822
51.88	-1.057
51.9	0.618
51.92	1.101
51.94	1.055
51.96	1.06
51.98	1.072
52	1.049
52.02	1.079
52.04	1.044
52.06	1.089
52.08	1.037
52.1	1.102
52.12	1.022
52.14	1.142
52.16	0.797
52.18	-1.2
52.2	-2.051
52.22	-0.132
52.24	0.981
52.26	-2.419
52.28	-4.61
52.3	-3.957
52.32	-4.245
52.34	-4.643
52.36	-4.383
52.38	-4.662
52.4	-4.073
52.42	-3.121
52.44	-2.393
52.46	-1.629
52.48	-1.841
52.5	-1.664
52.52	-1.855
52.54	-1.582
52.56	-3.223
52.58	-4.596
52.6	-4.455
52.62	-4.474
52.64	-4.581
52.66	-4.498
52.68	-4.887
52.7	-3.401
52.72	-1.771
52.74	-1.952
52.76	-1.734
52.78	-2.39
52.8	-2.876
52.82	-3.555
52.84	-2.883
52.86	-2.616
52.88	-2.581
52.9	-2.837
52.92	-2.398
52.94	-1.132
52.96	-0.07
52.98	-0.436
53	0.962
53.02	2.618
53.04	2.563
53.06	1.387
53.08	-0.061
53.1	-0.324
53.12	0.353
53.14	2.384
53.16	2.647
53.18	2.17
53.2	0.28
53.22	-0.146
53.24	-0.186
53.26	-0.199
53.28	-0.15
53.3	-0.211
53.32	-0.131
53.34	-0.127
53.36	2.125
53.38	2.781
53.4	2.375
53.42	2.269
53.44	2.649
53.46	2.735
53.48	4.283
53.5	5.624
53.52	4.655
53.54	4.101
53.56	2.635
53.58	4.689
53.6	5.532
53.62	5.46
53.64	5.443
53.66	5.568
53.68	4.835
53.7	2.815
53.72	2.513
53.74	3.263
53.76	5.585
53.78	4.011
53.8	2.601
53.82	2.749
53.84	2.394
53.86	1.432
53.88	-0.266
53.9	1.043
53.92	1.804
53.94	1.94
53.96	3.241
53.98	1.425
54	-0.066
54.02	-0.121
54.04	1.063
54.06	0.331
54.08	-0.014
54.1	-0.44
54.12	-1.694
54.14	-0.056
54.16	-0.029
54.18	-0.011
54.2	-0.021
54.22	0.004
54.24	-0.201
54.26	-1.967
54.28	-2.872
54.3	-2.631
54.32	-2.886
54.34	-2.501
54.36	-4.598
54.38	-5.377
54.4	-7.165
54.42	-8.295
54.44	-7.663
54.46	-5.974
54.48	-5.133
54.5	-4.142
54.52	-2.092
54.54	-2.412
54.56	-0.144
54.58	-1.658
54.6	-1.988
54.62	0.299
54.64	2.251
54.66	1.111
54.68	0.329
54.7	0.698
54.72	0.431
54.74	0.729
54.76	-1.503
54.78	-2.111
54.8	-1.897
54.82	-1.938
54.84	-1.7
54.86	-0.653
54.88	-1.275
54.9	-1.444
54.92	-1.777
54.94	-0.794
54.96	1.286
54.98	1.358
55	1.296
55.02	1.549
55.04	-0.186
55.06	-1.655
55.08	-1.181
55.1	-1.619
55.12	0.097
55.14	1.817
55.16	0.8
55.18	-1.217
55.2	-1.301
55.22	-1.289
55.24	-1.412
55.26	-1.262
55.28	-1.293
55.3	-1.247
55.32	-1.302
55.34	-1.149
55.36	1.024
55.38	1.401
55.4	1.626
55.42	3.936
55.44	4.664
55.46	4.183
55.48	3.822
55.5	4.012
55.52	3.849
55.54	4.017
55.56	3.814
55.58	4.114
55.6	2.225
55.62	1.116
55.64	1.337
55.66	1.62
55.68	3.663
55.7	4.279
55.72	4.172
55.74	4.339
55.76	4.241
55.78	4.383
55.8	3.339
55.82	1.427
55.84	1.373
55.86	1.377
55.88	1.283
55.9	1.284
55.92	0.262
55.94	0.314
55.96	-0.706
55.98	-1.623
56	-1.562
56.02	-1.645
56.04	-1.618
56.06	-1.568
56.08	-1.664
56.1	-1.341
56.12	0.968
56.14	1.315
56.16	1.155
56.18	1.188
56.2	0.985
56.22	1.086
56.24	0.816
56.26	1.317
56.28	1.186
56.3	0.688
56.32	0.738
56.34	-1.388
56.36	-2.212
56.38	-1.909
56.4	-2.184
56.42	-1.842
56.44	-3.72
56.46	-4.976
56.48	-4.716
56.5	-4.866
56.52	-4.797
56.54	-4.959
56.56	-4.89
56.58	-4.951
56.6	-4.909
56.62	-4.946
56.64	-4.93
56.66	-4.914
56.68	-4.582
56.7	-2.433
56.72	-1.843
56.74	-1.848
56.76	-1.809
56.78	-1.678
56.8	-1.88
56.82	-0.893
56.84	1.283
56.86	0.884
56.88	1.875
56.9	3.685
56.92	3.697
56.94	3.738
56.96	3.647
56.98	3.658
57	3.204
57.02	1.201
57.04	1.219
57.06	2.349
57.08	3.258
57.1	3.645
57.12	2.605
57.14	1.119
57.16	0.615
57.18	0.696
57.2	0.538
57.22	0.644
57.24	0.526
57.26	0.713
57.28	1.278
57.3	1.132
57.32	0.616
57.34	0.658
57.36	0.666
57.38	0.816
57.4	2.957
57.42	2.722
57.44	0.748
57.46	1.12
57.48	0.414
57.5	-0.86
57.52	0.305
57.54	1.185
57.56	1.926
57.58	1.752
57.6	1.482
57.62	1.088
57.64	0.902
57.66	0.886
57.68	-1.185
57.7	-2.356
57.72	-3.816
57.74	-3.04
57.76	-2.042
57.78	-2.205
57.8	-2.112
57.82	-2.18
57.84	-2.152
57.86	-2.174
57.88	-2.137
57.9	-2.043
57.92	-2.165
57.94	-1.976
57.96	-2.649
57.98	-3.385
58	-3.888
58.02	-5.051
58.04	-4.618
58.06	-3.95
58.08	-3.746
58.1	-4.342
58.12	-3.775
58.14	-2.653
58.16	-2.105
58.18	-1.958
58.2	-1.996
58.22	-1.862
58.24	-1.817
58.26	-1.722
58.28	-1.667
58.3	-1.497
58.32	-1.377
58.34	-1.243
58.36	-1.099
58.38	-0.972
58.4	-0.9
58.42	-0.81
58.44	-0.706
58.46	-0.678
58.48	-0.327
58.5	-0.49
58.52	-0.739
58.54	0.314
58.56	0.844
58.58	1.559
58.6	2.177
58.62	2.046
58.64	2.122
58.66	2.055
58.68	2.098
58.7	2.051
58.72	2.079
58.74	2.045
58.76	2.06
58.78	2.103
58.8	2.121
58.82	2.004
58.84	2.068
58.86	1.979
58.88	2.156
58.9	3.193
58.92	3.879
58.94	4.063
58.96	3.35
58.98	3.398
59	3.329
59.02	2.739
59.04	3.299
59.06	3.434
59.08	4.31
59.1	4.898
59.12	4.743
59.14	4.9
59.16	4.144
59.18	2.887
59.2	2.035
59.22	1.894
59.24	2.211
59.26	2.773
59.28	3.341
59.3	2.259
59.32	1.865
59.34	1.878
59.36	1.25
59.38	0.545
59.4	0.564
59.42	0.399
59.44	-0.85
59.46	-0.747
59.48	-1.3
59.5	-2.571
59.52	-3.644
59.54	-3.569
59.56	-3.316
59.58	-2.691
59.6	-2.821
59.62	-3.319
59.64	-3.463
59.66	-3.951
59.68	-3.045
59.7	-2.419
59.72	-1.388
59.74	-0.979
59.76	-2.477
59.78	-3.461
59.8	-3.824
59.82	-2.163
59.84	-0.862
59.86	-0.899
59.88	-0.908
59.9	-2.433
59.92	-3.896
59.94	-3.496
59.96	-2.692
59.98	-1.534
