cm/s2; dt=0.020
0	1.706
0.02	2.652
0.04	2.072
0.06	0.401
0.08	-0.483
0.1	1.072
0.12	2.5
0.14	1.067
0.16	-2.404
0.18	-4.006
0.2	-1.683
0.22	-1.015
0.24	-1.342
0.26	0.494
0.28	2.755
0.3	2.19
0.32	4.763
0.34	4.003
0.36	0.156
0.38	-2.922
0.4	-6.213
0.42	-8.897
0.44	-9.698
0.46	-4.042
0.48	-3.603
0.5	0.005
0.52	7.297
0.54	6.475
0.56	1.78
0.58	-3.99
0.6	-0.979
0.62	-4.425
0.64	-9.712
0.66	-4.643
0.68	-2.109
0.7	0.079
0.72	4.782
0.74	7.885
0.76	6.418
0.78	2.592
0.8	3.072
0.82	-6.063
0.84	-8.558
0.86	-4.798
0.88	-5.824
0.9	-5.502
0.92	-7.149
0.94	-5.728
0.96	3.714
0.98	9.067
1	3.14
1.02	5.139
1.04	4.209
1.06	-1.575
1.08	-2.954
1.1	-1.12
1.12	-2.13
1.14	2.105
1.16	-1.735
1.18	-5.643
1.2	4.371
1.22	9.214
1.24	3.483
1.26	0.983
1.28	1.738
1.3	-1.935
1.32	-4.421
1.34	-2.923
1.36	2.694
1.38	-3.09
1.4	-2.172
1.42	3.122
1.44	3.687
1.46	1.929
1.48	3.446
1.5	6.062
1.52	2.061
1.54	-2.623
1.56	-8.572
1.58	-0.814
1.6	0.554
1.62	-1.92
1.64	-2.559
1.66	-1.053
1.68	4.11
1.7	4.501
1.72	1.452
1.74	2.901
1.76	11.832
1.78	6.439
1.8	-3.93
1.82	0.338
1.84	3.835
1.86	-7.478
1.88	-10.39
1.9	-4.601
1.92	0.496
1.94	6.502
1.96	2.853
1.98	-5.44
2	-1.331
2.02	1.076
2.04	-3.453
2.06	3.67
2.08	0.119
2.1	-7.357
2.12	-4.069
2.14	4.666
2.16	8.365
2.18	7.328
2.2	2.443
2.22	-2.959
2.24	-2.486
2.26	-2.14
2.28	-1.877
2.3	2.749
2.32	5.828
2.34	4.05
2.36	3.507
2.38	-1.238
2.4	-2.539
2.42	-7.376
2.44	-4.554
2.46	1.961
2.48	1.209
2.5	1.338
2.52	0.406
2.54	4.819
2.56	5.672
2.58	3.347
2.6	4.341
2.62	7.793
2.64	9.664
2.66	3.357
2.68	0.983
2.7	9.395
2.72	12.694
2.74	-1.552
2.76	-6.836
2.78	-5.667
2.8	-15.495
2.82	-8.892
2.84	-1.694
2.86	-8.194
2.88	-6.374
2.9	-3.172
2.92	-8.142
2.94	-11.735
2.96	-8.859
2.98	2.172
3	-0.662
3.02	-9.069
3.04	-16.689
3.06	-20.534
3.08	-19.583
3.1	-22.579
3.12	-18.748
3.14	-2.725
3.16	19.659
3.18	13.688
3.2	17.704
3.22	48.632
3.24	66.915
3.26	83.91
3.28	70.922
3.3	24.044
3.32	1.108
3.34	-26.452
3.36	-48.978
3.38	-46.193
3.4	-48.748
3.42	-76.007
3.44	-60.474
3.46	29.501
3.48	43.662
3.5	-0.468
3.52	-16.561
3.54	1.442
3.56	-1.543
3.58	-23.058
3.6	-31.711
3.62	-34.141
3.64	-23.871
3.66	-10.176
3.68	7.545
3.7	11.054
3.72	16.897
3.74	24.515
3.76	26.335
3.78	12.699
3.8	-14.432
3.82	-45.002
3.84	-53.714
3.86	-42.385
3.88	-0.198
3.9	70.807
3.92	107.171
3.94	106.137
3.96	94.941
3.98	84.702
4	71.361
4.02	24.749
4.04	-41.883
4.06	-90.796
4.08	-101.6
4.1	-77.362
4.12	-52.775
4.14	-3.916
4.16	36.219
4.18	37.514
4.2	42.349
4.22	60.918
4.24	60.516
4.26	26.797
4.28	9.427
4.3	1.172
4.32	-7.608
4.34	-17.777
4.36	-24.839
4.38	-13.89
4.4	-9.113
4.42	-12.719
4.44	-23.925
4.46	-30.607
4.48	-42.92
4.5	-36.96
4.52	-18.796
4.54	3.565
4.56	10.288
4.58	-7.409
4.6	-25.229
4.62	-11.69
4.64	42.309
4.66	54.866
4.68	40.708
4.7	-14.896
4.72	-64.439
4.74	-85.084
4.76	-89.403
4.78	-65.982
4.8	-32.702
4.82	34.681
4.84	72.929
4.86	80.451
4.88	83.741
4.9	72.327
4.92	41.624
4.94	-32.175
4.96	-81.518
4.98	-81.951
5	-68.541
5.02	-47.985
5.04	-24.246
5.06	15.215
5.08	43.809
5.1	43.673
5.12	30.062
5.14	-3.897
5.16	-21.243
5.18	-9.735
5.2	-7.347
5.22	19.12
5.24	39.289
5.26	47.611
5.28	64.157
5.3	60.211
5.32	40.679
5.34	-29.513
5.36	-88.139
5.38	-98.545
5.4	-103.337
5.42	-96.697
5.44	-66.833
5.46	14.865
5.48	86.984
5.5	107.672
5.52	109.251
5.54	79.891
5.56	65.308
5.58	57.953
5.6	14.264
5.62	0.107
5.64	5.989
5.66	12.129
5.68	6.333
5.7	-18.987
5.72	-44.87
5.74	-50.022
5.76	-32.111
5.78	-28.048
5.8	-35.62
5.82	-21.26
5.84	15.484
5.86	32.693
5.88	31.293
5.9	22.759
5.92	1.255
5.94	-10.94
5.96	-17.312
5.98	-38.584
6	-66.78
6.02	-69.414
6.04	-60.853
6.06	-31.767
6.08	25.123
6.1	44.087
6.12	35.33
6.14	22.132
6.16	13.594
6.18	11.336
6.2	13.236
6.22	10.43
6.24	10.008
6.26	-3.066
6.28	-2.937
6.3	10.325
6.32	-2.717
6.34	-29.627
6.36	-49.401
6.38	-39.409
6.4	-33.932
6.42	-26.471
6.44	-10.309
6.46	21.636
6.48	64.577
6.5	78.115
6.52	75.202
6.54	76.757
6.56	70.248
6.58	38.325
6.6	10.434
6.62	3.247
6.64	-17.146
6.66	-36.833
6.68	-32.629
6.7	-14.937
6.72	-7.241
6.74	-44.997
6.76	-72.317
6.78	-83.084
6.8	-82.507
6.82	-73.159
6.84	-81.915
6.86	-82.932
6.88	-53.26
6.9	1.845
6.92	20.976
6.94	29.775
6.96	44.34
6.98	39.243
7	19.44
7.02	8.138
7.04	15.5
7.06	-6.89
7.08	-37.482
7.1	-42.863
7.12	-23.972
7.14	31.492
7.16	60.516
7.18	48.005
7.2	36.938
7.22	32.439
7.24	45.725
7.26	22.412
7.28	-42.514
7.3	-57.928
7.32	-47.304
7.34	-32.188
7.36	-0.071
7.38	40.157
7.4	87.684
7.42	110.434
7.44	107.959
7.46	84.659
7.48	58.694
7.5	14.968
7.52	-45.23
7.54	-73.213
7.56	-79.384
7.58	-53.136
7.6	-17.301
7.62	-8.651
7.64	20.201
7.66	76.323
7.68	102.827
7.7	109.682
7.72	78.978
7.74	32.87
7.76	23.095
7.78	28.251
7.8	24.795
7.82	1.61
7.84	-8.2
7.86	-8.76
7.88	-24.39
7.9	-40.65
7.92	-56.612
7.94	-67.864
7.96	-57.009
7.98	-44.313
8	-53.545
8.02	-45.102
8.04	-12.725
8.06	-3.08
8.08	0.506
8.1	22.932
8.12	46.688
8.14	39.691
8.16	7.262
8.18	-20.817
8.2	-46.621
8.22	-75.567
8.24	-96.951
8.26	-108.813
8.28	-109.052
8.3	-106.593
8.32	-98.341
8.34	-69.609
8.36	-24.824
8.38	0.533
8.4	-4.562
8.42	-5.765
8.44	-3.323
8.46	29.929
8.48	72.001
8.5	78.49
8.52	74.281
8.54	81.427
8.56	88.672
8.58	84.058
8.6	80.785
8.62	79.246
8.64	80.935
8.66	71.894
8.68	44.887
8.7	12.545
8.72	-2.311
8.74	-2.464
8.76	4.37
8.78	17.469
8.8	18.66
8.82	0.66
8.84	-24.061
8.86	-31.351
8.88	-21.326
8.9	-18.838
8.92	-23.712
8.94	-34.777
8.96	-44.952
8.98	-48.434
9	-45.655
9.02	-27.04
9.04	-8.548
9.06	-9.927
9.08	-11.468
9.1	7.8
9.12	38.158
9.14	66.465
9.16	83.296
9.18	80.565
9.2	66.412
9.22	53.308
9.24	37.798
9.26	25.279
9.28	15.341
9.3	4.153
9.32	-21.445
9.34	-56.236
9.36	-81.858
9.38	-95.871
9.4	-90.664
9.42	-70.398
9.44	-51.856
9.46	-49.609
9.48	-51.927
9.5	-51.54
9.52	-44.691
9.54	-42.007
9.56	-41.252
9.58	-24.714
9.6	-1.587
9.62	6.55
9.64	11.587
9.66	27.875
9.68	36.022
9.7	38.524
9.72	38.977
9.74	33.048
9.76	22.732
9.78	14.719
9.8	10.651
9.82	6.509
9.84	3.86
9.86	2.385
9.88	-0.915
9.9	-4.205
9.92	2.451
9.94	12.086
9.96	14.332
9.98	20.249
10	31.596
10.02	39.283
10.04	39.511
10.06	42.15
10.08	45.64
10.1	36.614
10.12	14.559
10.14	-14.65
10.16	-43.126
10.18	-67.201
10.2	-84.731
10.22	-90.545
10.24	-86.621
10.26	-75.702
10.28	-64.286
10.3	-57.291
10.32	-45.057
10.34	-24.142
10.36	-6.04
10.38	-1.798
10.4	4.761
10.42	22.013
10.44	29.104
10.46	18.063
10.48	3.572
10.5	-1.461
10.52	7.554
10.54	21.533
10.56	28.062
10.58	17.795
10.6	-2.497
10.62	-12.226
10.64	-7.666
10.66	1.128
10.68	15.413
10.7	37.435
10.72	66.168
10.74	88.067
10.76	90.015
10.78	82.073
10.8	67.11
10.82	47.883
10.84	32.417
10.86	17.654
10.88	11.58
10.9	15.138
10.92	17.251
10.94	13.48
10.96	14.463
10.98	20.152
11	25.292
11.02	25.158
11.04	10.807
11.06	-5.194
11.08	-14.384
11.1	-15.724
11.12	-15.686
11.14	-23.974
11.16	-25.106
11.18	-27.841
11.2	-39.237
11.22	-41.958
11.24	-33.776
11.26	-16.508
11.28	1.54
11.3	20.297
11.32	39.402
11.34	51.546
11.36	49.506
11.38	32.538
11.4	-12.606
11.42	-54.03
11.44	-62.756
11.46	-51.078
11.48	-36.015
11.5	-22.392
11.52	-0.669
11.54	20.481
11.56	28.819
11.58	22.287
11.6	12.642
11.62	1.23
11.64	-4.837
11.66	-8.347
11.68	-15.555
11.7	-14.334
11.72	-5.024
11.74	-5.328
11.76	-11.127
11.78	-18.602
11.8	-28.914
11.82	-34.755
11.84	-34.23
11.86	-32.306
11.88	-22.385
11.9	-5.9
11.92	9.275
11.94	16.552
11.96	20.476
11.98	31.58
12	37.424
12.02	29.856
12.04	6.989
12.06	-17.369
12.08	-29.487
12.1	-31.01
12.12	-29.045
12.14	-22.661
12.16	-14.45
12.18	-12.733
12.2	-14.536
12.22	-7.969
12.24	4.012
12.26	14.754
12.28	17.849
12.3	13.489
12.32	11.144
12.34	13.191
12.36	14.298
12.38	12.158
12.4	5.526
12.42	-0.072
12.44	-1.921
12.46	-3.605
12.48	-2.101
12.5	-0.618
12.52	4.197
12.54	9.561
12.56	15.088
12.58	11.039
12.6	-6.545
12.62	-25.581
12.64	-32.15
12.66	-29.424
12.68	-28.337
12.7	-31.948
12.72	-38.228
12.74	-38.702
12.76	-38.311
12.78	-31.581
12.8	-21.25
12.82	-13.224
12.84	-10.939
12.86	-11.788
12.88	-11.242
12.9	-4.758
12.92	5.211
12.94	18.545
12.96	27.056
12.98	29.996
13	31.726
13.02	33.188
13.04	37.231
13.06	39.974
13.08	40.938
13.1	39.395
13.12	39.431
13.14	39.221
13.16	44.032
13.18	48.004
13.2	48.678
13.22	44.851
13.24	31.988
13.26	14.95
13.28	0.171
13.3	-5.679
13.32	-7.758
13.34	-13.55
13.36	-16.488
13.38	-14.524
13.4	-20.552
13.42	-31.225
13.44	-36.21
13.46	-33.576
13.48	-29.139
13.5	-30.563
13.52	-37.519
13.54	-38.305
13.56	-25.278
13.58	-6.935
13.6	12.01
13.62	29.622
13.64	36.072
13.66	26.661
13.68	9.283
13.7	-5.086
13.72	-6.974
13.74	0.398
13.76	9.503
13.78	20.662
13.8	27.853
13.82	24.229
13.84	16.456
13.86	11.446
13.88	6.421
13.9	3.795
13.92	3.413
13.94	4.145
13.96	-2.11
13.98	-18.025
14	-32.51
14.02	-40.542
14.04	-37.852
14.06	-27.513
14.08	-21.514
14.1	-24.95
14.12	-30.835
14.14	-36.632
14.16	-38.59
14.18	-36.014
14.2	-26.792
14.22	-15.203
14.24	-9.058
14.26	-8.999
14.28	-13.804
14.3	-11.997
14.32	-1.589
14.34	9.495
14.36	15.222
14.38	14.97
14.4	14.362
14.42	11.438
14.44	14.855
14.46	19.206
14.48	20.95
14.5	29.766
14.52	34.186
14.54	32.728
14.56	26.215
14.58	18.203
14.6	14.03
14.62	12.162
14.64	6.94
14.66	1.224
14.68	-1.445
14.7	-5.57
14.72	-10.561
14.74	-11.305
14.76	-5.556
14.78	5.814
14.8	12.856
14.82	6.522
14.84	-1.403
14.86	-7.908
14.88	-12.053
14.9	-12.397
14.92	-10.158
14.94	-7.421
14.96	-2.046
14.98	8.314
15	17.823
15.02	21.788
15.04	27.053
15.06	31.091
15.08	25.231
15.1	15.125
15.12	8.894
15.14	7.16
15.16	3.151
15.18	-1.359
15.2	-1.934
15.22	-0.412
15.24	-2.302
15.26	-5.016
15.28	-3.793
15.3	-1.741
15.32	-2.463
15.34	-5.169
15.36	-8.674
15.38	-12.028
15.4	-15.432
15.42	-15.691
15.44	-20.844
15.46	-32.609
15.48	-43.612
15.5	-48.427
15.52	-47.148
15.54	-39.454
15.56	-25.317
15.58	-11.488
15.6	0.52
15.62	3.724
15.64	4.778
15.66	6.916
15.68	8.129
15.7	11.778
15.72	13.34
15.74	17.337
15.76	22.794
15.78	20.881
15.8	17.449
15.82	15.29
15.84	11.161
15.86	5.491
15.88	1
15.9	-0.007
15.92	-0.715
15.94	0.729
15.96	3.42
15.98	4.526
16	7.78
16.02	9.185
16.04	11.589
16.06	17.361
16.08	21.423
16.1	21.986
16.12	15.38
16.14	8.588
16.16	5.579
16.18	9
16.2	18.46
16.22	24.796
16.24	25.552
16.26	21.552
16.28	17.508
16.3	13.411
16.32	10.985
16.34	8.01
16.36	2.369
16.38	-0.663
16.4	0.9
16.42	4.535
16.44	6.996
16.46	8.821
16.48	9.126
16.5	8.116
16.52	7.505
16.54	8.861
16.56	6.655
16.58	2.327
16.6	-1.142
16.62	-1.428
16.64	4.308
16.66	10.394
16.68	9.377
16.7	1.586
16.72	-6.468
16.74	-12.396
16.76	-15.701
16.78	-17.766
16.8	-22.832
16.82	-24.958
16.84	-22.671
16.86	-22.079
16.88	-23.329
16.9	-27.183
16.92	-27.935
16.94	-24.895
16.96	-21.153
16.98	-12.597
17	-5.188
17.02	-2.414
17.04	3.382
17.06	13.261
17.08	17.452
17.1	11.839
17.12	2.935
17.14	-8.297
17.16	-13.702
17.18	-13.623
17.2	-11.303
17.22	-10.537
17.24	-11.404
17.26	-9.149
17.28	-10.132
17.3	-9.951
17.32	-7.72
17.34	-6.94
17.36	-9.798
17.38	-12.064
17.4	-11.456
17.42	-11.344
17.44	-13.955
17.46	-19.357
17.48	-21.789
17.5	-19.139
17.52	-19.006
17.54	-19.594
17.56	-15.734
17.58	-10.296
17.6	-3.913
17.62	1.667
17.64	5.023
17.66	5.162
17.68	2.624
17.7	1.769
17.72	1.377
17.74	-2.135
17.76	-7.444
17.78	-11.182
17.8	-9.186
17.82	-3.924
17.84	0.27
17.86	2.893
17.88	5.02
17.9	10.233
17.92	15.1
17.94	15.731
17.96	15.59
17.98	17.227
18	17.927
18.02	15.084
18.04	13.18
18.06	17.155
18.08	22.555
18.1	23.966
18.12	21.139
18.14	16.653
18.16	13.366
18.18	9.311
18.2	7.071
18.22	5.675
18.24	2.72
18.26	2.787
18.28	6.985
18.3	11.868
18.32	16.112
18.34	17.242
18.36	17.226
18.38	15.838
18.4	13.345
18.42	13.916
18.44	13.488
18.46	13.351
18.48	12.393
18.5	9.684
18.52	5.748
18.54	3.14
18.56	2.752
18.58	0.91
18.6	-0.817
18.62	-0.48
18.64	-1.788
18.66	-0.599
18.68	2.28
18.7	1.866
18.72	-0.355
18.74	-6.895
18.76	-13.372
18.78	-20.349
18.8	-24.38
18.82	-22.785
18.84	-18.681
18.86	-11.771
18.88	-6.8
18.9	-6.544
18.92	-4.586
18.94	-1.757
18.96	-5.427
18.98	-11.118
19	-13.312
19.02	-13.856
19.04	-14.053
19.06	-9.72
19.08	-4.146
19.1	-0.322
19.12	3.677
19.14	2.299
19.16	-2.243
19.18	-4.95
19.2	-7.393
19.22	-8.526
19.24	-7.138
19.26	-4.335
19.28	0.939
19.3	8.572
19.32	11.341
19.34	10.425
19.36	10.044
19.38	5.865
19.4	3.179
19.42	3.22
19.44	2.684
19.46	2.853
19.48	3.321
19.5	2.746
19.52	0.489
19.54	-1.014
19.56	-3.029
19.58	-8.468
19.6	-12.594
19.62	-12.23
19.64	-12.215
19.66	-11.55
19.68	-8.185
19.7	-1.44
19.72	2.046
19.74	0.377
19.76	-0.29
19.78	-3.66
19.8	-5.876
19.82	-7.583
19.84	-11.293
19.86	-13.381
19.88	-15.24
19.9	-17.703
19.92	-18.772
19.94	-19.465
19.96	-19.755
19.98	-14.236
20	-5.727
20.02	1.748
20.04	9.413
20.06	15.495
20.08	18.404
20.1	16.55
20.12	13.987
20.14	13.58
20.16	12.897
20.18	10.534
20.2	6.561
20.22	6.07
20.24	10.928
20.26	13.797
20.28	13.731
20.3	15.32
20.32	15.7
20.34	13.38
20.36	9.738
20.38	7.188
20.4	4.346
20.42	-1.123
20.44	-5.181
20.46	-4.511
20.48	-2.309
20.5	-0.856
20.52	-0.323
20.54	-1.218
20.56	-2.531
20.58	-4.619
20.6	-6.093
20.62	-6.547
20.64	-4.637
20.66	-1.725
20.68	-2.381
20.7	-3.064
20.72	-1.747
20.74	1.125
20.76	3.973
20.78	5.823
20.8	4.623
20.82	1.606
20.84	-0.168
20.86	-3.551
20.88	-7.746
20.9	-9.976
20.92	-9.591
20.94	-7.344
20.96	-4.63
20.98	-2.717
21	-2.272
21.02	-3.542
21.04	-3.489
21.06	-2.864
21.08	-2.287
21.1	1.06
21.12	4.378
21.14	6.825
21.16	7.812
21.18	8.568
21.2	11.15
21.22	14.383
21.24	16.162
21.26	18.769
21.28	19.01
21.3	15.886
21.32	15.732
21.34	18.052
21.36	20.312
21.38	19.839
21.4	16.351
21.42	12.115
21.44	8.333
21.46	3.882
21.48	-1.624
21.5	-5.545
21.52	-6.968
21.54	-3.483
21.56	2.118
21.58	6.407
21.6	9.902
21.62	8.665
21.64	6.349
21.66	3.921
21.68	0.43
21.7	0.768
21.72	1.581
21.74	-2.341
21.76	-7.453
21.78	-10.006
21.8	-10.508
21.82	-9.021
21.84	-9.996
21.86	-9.799
21.88	-7.935
21.9	-8.205
21.92	-4.963
21.94	-2.727
21.96	1.575
21.98	2.912
22	4.015
22.02	1.64
22.04	-4.254
22.06	-3.785
22.08	-4.913
22.1	-6.22
22.12	-8.334
22.14	-7.609
22.16	-6.614
22.18	-7.758
22.2	-7.587
22.22	-8.017
22.24	-10.886
22.26	-11.363
22.28	-12.045
22.3	-10.722
22.32	-9.428
22.34	-8.736
22.36	-7.409
22.38	-6.917
22.4	-3.664
22.42	-2.424
22.44	-2.883
22.46	-5.464
22.48	-8.865
22.5	-10.986
22.52	-11.017
22.54	-8.892
22.56	-6.932
22.58	-4.914
22.6	-3.057
22.62	-1.656
22.64	-1.652
22.66	-1.712
22.68	-3.237
22.7	-5.415
22.72	-4.945
22.74	-6.618
22.76	-9.135
22.78	-10.092
22.8	-9.011
22.82	-6.255
22.84	-4.643
22.86	-3.529
22.88	-2.785
22.9	-1.674
22.92	0.804
22.94	2.569
22.96	4.391
22.98	8.054
23	10.407
23.02	12.086
23.04	10.704
23.06	10.391
23.08	8.606
23.1	7.611
23.12	11.006
23.14	12.091
23.16	12.792
23.18	11.385
23.2	10.603
23.22	11.03
23.24	8.922
23.26	7.152
23.28	5.764
23.3	5.615
23.32	6.735
23.34	5.777
23.36	3.384
23.38	0.799
23.4	-1.732
23.42	-2.991
23.44	-3.464
23.46	-4.639
23.48	-6.077
23.5	-5.566
23.52	-4.97
23.54	-2.964
23.56	-0.734
23.58	-2.1
23.6	-3.703
23.62	-5.989
23.64	-5.529
23.66	-2.686
23.68	-0.152
23.7	2.273
23.72	2.929
23.74	3.085
23.76	3.834
23.78	5.435
23.8	5.936
23.82	6.802
23.84	7.39
23.86	8.082
23.88	7.724
23.9	4.711
23.92	2.633
23.94	1.406
23.96	2.336
23.98	1.729
24	-0.997
24.02	-4.061
24.04	-5.411
24.06	-3.657
24.08	-1.548
24.1	-0.517
24.12	-1.624
24.14	-2.78
24.16	-4.887
24.18	-7.689
24.2	-9.231
24.22	-10.502
24.24	-10.5
24.26	-9.059
24.28	-5.473
24.3	-0.441
24.32	0.594
24.34	2.142
24.36	3.735
24.38	4.332
24.4	3.56
24.42	3.604
24.44	6.061
24.46	7.958
24.48	10.232
24.5	11.096
24.52	10.62
24.54	9.067
24.56	7.381
24.58	6.699
24.6	7.764
24.62	7.233
24.64	6.486
24.66	6.629
24.68	5.815
24.7	0.767
24.72	-1.01
24.74	-0.652
24.76	-0.624
24.78	0.519
24.8	1.838
24.82	2.763
24.84	0.535
24.86	-2.356
24.88	-3.229
24.9	-2.109
24.92	-1.848
24.94	-3.253
24.96	-5.979
24.98	-8.055
25	-9.159
25.02	-9.049
25.04	-8.424
25.06	-6.885
25.08	-6.469
25.1	-6.509
25.12	-7.071
25.14	-7.156
25.16	-6.701
25.18	-8.21
25.2	-9.793
25.22	-9.499
25.24	-9.15
25.26	-10.541
25.28	-14.152
25.3	-16.828
25.32	-16.112
25.34	-14.248
25.36	-11.089
25.38	-7.101
25.4	-2.961
25.42	1.42
25.44	2.067
25.46	3.13
25.48	3.504
25.5	3.095
25.52	2.695
25.54	2.615
25.56	5.462
25.58	7.003
25.6	8.844
25.62	10.421
25.64	12.058
25.66	12.965
25.68	11.866
25.7	11.689
25.72	11.464
25.74	9.886
25.76	8.441
25.78	6.814
25.8	6.704
25.82	6.675
25.84	6.501
25.86	7.786
25.88	8.441
25.9	8.881
25.92	7.977
25.94	6.062
25.96	3.025
25.98	-0.555
26	-1.858
26.02	-1.912
26.04	-0.092
26.06	3.779
26.08	6.347
26.1	5.997
26.12	4.591
26.14	2.183
26.16	0.289
26.18	-2.221
26.2	-1.121
26.22	0.969
26.24	0.801
26.26	1.559
26.28	3.322
26.3	4.772
26.32	5.5
26.34	2.21
26.36	-1.653
26.38	-3.538
26.4	-4.429
26.42	-4.02
26.44	-2.876
26.46	-0.198
26.48	1.176
26.5	2.204
26.52	1.01
26.54	-0.972
26.56	-3.234
26.58	-4.715
26.6	-4.803
26.62	-5.337
26.64	-4.498
26.66	-4.272
26.68	-5.939
26.7	-5.907
26.72	-6.84
26.74	-7.157
26.76	-6.983
26.78	-6.342
26.8	-4.496
26.82	-3.196
26.84	-3.697
26.86	-5.081
26.88	-4.984
26.9	-4.142
26.92	-5.291
26.94	-7.072
26.96	-7.751
26.98	-9.223
27	-9.973
27.02	-8.364
27.04	-5.083
27.06	-1.333
27.08	-0.119
27.1	-0.126
27.12	-0.275
27.14	-0.494
27.16	-2.655
27.18	-7.331
27.2	-7.67
27.22	-5.722
27.24	-3.955
27.26	-3.224
27.28	-2.801
27.3	-2.558
27.32	-1.187
27.34	2.544
27.36	5.305
27.38	7.248
27.4	8.761
27.42	9.109
27.44	8.929
27.46	9.871
27.48	9.235
27.5	7.959
27.52	6.504
27.54	4.661
27.56	2.932
27.58	1.249
27.6	1.273
27.62	0.166
27.64	0.45
27.66	1.979
27.68	3.06
27.7	5.582
27.72	8.661
27.74	10.472
27.76	9.411
27.78	7.753
27.8	4.95
27.82	1.691
27.84	-0.161
27.86	-1.102
27.88	0.711
27.9	5.045
27.92	8.804
27.94	11.253
27.96	10.334
27.98	8.479
28	6.366
28.02	4.216
28.04	3.198
28.06	3.75
28.08	2.947
28.1	2.093
28.12	2.795
28.14	2.735
28.16	2.806
28.18	-1.128
28.2	-4.092
28.22	-6.69
28.24	-6.712
28.26	-4.942
28.28	-2.355
28.3	1.75
28.32	4.372
28.34	4.811
28.36	2.941
28.38	-0.559
28.4	-4.71
28.42	-5.746
28.44	-7.214
28.46	-10.177
28.48	-11.811
28.5	-9.587
28.52	-8.961
28.54	-7.45
28.56	-4.212
28.58	-2.918
28.6	-1.208
28.62	-1.084
28.64	-1.281
28.66	-2.852
28.68	-4.45
28.7	-3.825
28.72	-1.572
28.74	-1.07
28.76	-0.216
28.78	-2.314
28.8	-5.247
28.82	-8.543
28.84	-10.003
28.86	-10.238
28.88	-8.864
28.9	-9.047
28.92	-9.856
28.94	-7.679
28.96	-7.186
28.98	-5.587
29	-6.503
29.02	-8.534
29.04	-9.287
29.06	-7.288
29.08	-7.769
29.1	-8.481
29.12	-7.907
29.14	-7.221
29.16	-4.168
29.18	-2.096
29.2	-0.311
29.22	1.624
29.24	-0.008
29.26	-1.492
29.28	-2.086
29.3	-0.278
29.32	0.93
29.34	1.006
29.36	3.744
29.38	6.623
29.4	8.19
29.42	8.751
29.44	9.439
29.46	8.302
29.48	6.473
29.5	5.356
29.52	7.595
29.54	8.314
29.56	8.889
29.58	9.448
29.6	9.791
29.62	10.424
29.64	10.034
29.66	9.239
29.68	6.141
29.7	5.105
29.72	5.367
29.74	7.101
29.76	7.937
29.78	7.085
29.8	6.703
29.82	5.541
29.84	6.465
29.86	7.186
29.88	7.291
29.9	6.773
29.92	5.666
29.94	4.128
29.96	2.303
29.98	0.948
30	-1.105
30.02	-1.395
30.04	-0.931
30.06	0.276
30.08	-0.23
30.1	-0.809
30.12	-0.121
30.14	-0.578
30.16	-0.059
30.18	-1.158
30.2	-1.93
30.22	-3.845
30.24	-5.48
30.26	-4.33
30.28	-2.699
30.3	-1.329
30.32	-1.073
30.34	-2.344
30.36	-4.563
30.38	-5.678
30.4	-5.29
30.42	-3.454
30.44	-1.987
30.46	-0.606
30.48	1.633
30.5	3.106
30.52	3.255
30.54	3.127
30.56	2.683
30.58	1.405
30.6	-1.19
30.62	-2.925
30.64	-4.194
30.66	-4.694
30.68	-6.279
30.7	-5.904
30.72	-2.333
30.74	0.081
30.76	2.61
30.78	4.622
30.8	4.133
30.82	3.324
30.84	2.515
30.86	0.61
30.88	-2.672
30.9	-4.55
30.92	-4.601
30.94	-2.922
30.96	-0.953
30.98	-0.517
31	1.207
31.02	1.152
31.04	0.717
31.06	-0.739
31.08	-3.559
31.1	-4.545
31.12	-3.571
31.14	-1.988
31.16	-2.66
31.18	-5.011
31.2	-6.079
31.22	-6.232
31.24	-7.717
31.26	-8.321
31.28	-7.031
31.3	-4.989
31.32	-2.888
31.34	-0.924
31.36	0.605
31.38	0.36
31.4	-0.553
31.42	1.018
31.44	2.249
31.46	3.3
31.48	3.869
31.5	3.695
31.52	2.566
31.54	2.261
31.56	3.608
31.58	3.641
31.6	5.679
31.62	6.915
31.64	8.459
31.66	9.033
31.68	7.936
31.7	7.118
31.72	5.933
31.74	4.561
31.76	3.372
31.78	2.07
31.8	0.265
31.82	-0.239
31.84	-0.424
31.86	-0.767
31.88	-2.013
31.9	-2.577
31.92	-3.951
31.94	-2.861
31.96	-0.926
31.98	-1.381
32	-1.72
32.02	-2.143
32.04	-1.669
32.06	-1.446
32.08	-2.216
32.1	-3.863
32.12	-5.106
32.14	-6.199
32.16	-7.399
32.18	-7.755
32.2	-6.723
32.22	-6.292
32.24	-6.212
32.26	-4.943
32.28	-4.168
32.3	-3.103
32.32	-2.583
32.34	-1.551
32.36	-0.144
32.38	0.538
32.4	0.733
32.42	0.53
32.44	0.712
32.46	-0.368
32.48	-0.725
32.5	-0.288
32.52	1.018
32.54	2.864
32.56	5.134
32.58	4.445
32.6	2.036
32.62	1.124
32.64	-1.809
32.66	-1.858
32.68	-2.008
32.7	-0.88
32.72	0.481
32.74	1.719
32.76	3.773
32.78	4.165
32.8	3.964
32.82	3.566
32.84	5.176
32.86	6.335
32.88	7.627
32.9	8.847
32.92	9.94
32.94	11.28
32.96	11.211
32.98	9.869
33	9.621
33.02	8.18
33.04	7.544
33.06	7.69
33.08	6.99
33.1	5.953
33.12	5.439
33.14	4.504
33.16	3.508
33.18	2.048
33.2	1.359
33.22	0.882
33.24	-1.673
33.26	-3.365
33.28	-5.934
33.3	-7.049
33.32	-7.742
33.34	-6.881
33.36	-6.518
33.38	-5.282
33.4	-4.504
33.42	-4.505
33.44	-4.983
33.46	-7.062
33.48	-7.07
33.5	-7.418
33.52	-6.914
33.54	-6.318
33.56	-4.576
33.58	-3.777
33.6	-4.078
33.62	-4.01
33.64	-4.108
33.66	-4.295
33.68	-5.965
33.7	-5.475
33.72	-3.92
33.74	-3.364
33.76	-1.893
33.78	-1.174
33.8	-1.694
33.82	-2.568
33.84	-3.056
33.86	-4.332
33.88	-4.43
33.9	-4.234
33.92	-4.504
33.94	-3.44
33.96	-2.547
33.98	-2.417
34	-0.458
34.02	0.308
34.04	0.748
34.06	1.529
34.08	0.279
34.1	-0.449
34.12	0.048
34.14	0.769
34.16	0.817
34.18	0.831
34.2	0.33
34.22	0.496
34.24	1.705
34.26	2.135
34.28	2.882
34.3	3.459
34.32	3.067
34.34	2.741
34.36	2.583
34.38	2.77
34.4	0.512
34.42	-1.731
34.44	-2.994
34.46	-2.954
34.48	-1.135
34.5	-0.35
34.52	0.568
34.54	0.958
34.56	2.504
34.58	1.188
34.6	0.421
34.62	1.244
34.64	1.265
34.66	0.914
34.68	0.762
34.7	1.778
34.72	2.59
34.74	3.15
34.76	3.772
34.78	5.57
34.8	6.235
34.82	5.319
34.84	4.906
34.86	6.254
34.88	7.54
34.9	7.58
34.92	7.779
34.94	7.82
34.96	7.858
34.98	7.616
35	6.101
35.02	4.732
35.04	3.88
35.06	4.053
35.08	1.609
35.1	1.204
35.12	0.936
35.14	-0.266
35.16	-0.34
35.18	-0.433
35.2	0.585
35.22	1.805
35.24	0.725
35.26	0.161
35.28	0.069
35.3	-2.35
35.32	-3.306
35.34	-5.221
35.36	-7.052
35.38	-6.683
35.4	-6.424
35.42	-5.138
35.44	-3.668
35.46	-4.733
35.48	-4.944
35.5	-5.386
35.52	-6.093
35.54	-5.403
35.56	-3.966
35.58	-3.977
35.6	-3.532
35.62	-3.124
35.64	-2.88
35.66	-2.548
35.68	-2.46
35.7	-1.798
35.72	-1.46
35.74	-0.67
35.76	0.023
35.78	0.867
35.8	0.951
35.82	0.573
35.84	-0.011
35.86	-0.695
35.88	-1.117
35.9	-1.365
35.92	0.262
35.94	0.919
35.96	0.79
35.98	1.126
36	0.038
36.02	0.975
36.04	1.451
36.06	3.756
36.08	2.699
36.1	1.564
36.12	0.619
36.14	-0.914
36.16	-2.285
36.18	-3.732
36.2	-2.182
36.22	-1.588
36.24	0.007
36.26	1.369
36.28	1.6
36.3	1.92
36.32	1.882
36.34	1.163
36.36	1.275
36.38	0.174
36.4	-1.341
36.42	-2.34
36.44	-1.234
36.46	-1.183
36.48	-0.46
36.5	-1.014
36.52	-0.326
36.54	0.425
36.56	-0.139
36.58	-0.247
36.6	-1.097
36.62	-0.571
36.64	0.223
36.66	0.579
36.68	0.066
36.7	0.817
36.72	1.26
36.74	1.561
36.76	1.514
36.78	0.792
36.8	1.322
36.82	0.789
36.84	0.449
36.86	0.222
36.88	0.105
36.9	0.144
36.92	-0.093
36.94	0.431
36.96	-1.229
36.98	-2.126
37	-1.965
37.02	-0.371
37.04	1.198
37.06	3.091
37.08	4.113
37.1	4.51
37.12	4.592
37.14	3.726
37.16	3.616
37.18	2.82
37.2	4.117
37.22	4.4
37.24	5.681
37.26	6.651
37.28	7.417
37.3	7.893
37.32	7.328
37.34	6.2
37.36	5.235
37.38	3.661
37.4	2.155
37.42	2.382
37.44	0.768
37.46	-0.083
37.48	-0.486
37.5	-1.694
37.52	-2.672
37.54	-2.682
37.56	-2.649
37.58	-3.467
37.6	-3.552
37.62	-3.806
37.64	-3.626
37.66	-3.347
37.68	-4.608
37.7	-4.643
37.72	-3.807
37.74	-5.041
37.76	-5.563
37.78	-5.547
37.8	-6.626
37.82	-7.024
37.84	-6.115
37.86	-5.495
37.88	-5.609
37.9	-4.99
37.92	-5.158
37.94	-5.232
37.96	-5.24
37.98	-5.462
38	-4.775
38.02	-4.396
38.04	-4.298
38.06	-3.281
38.08	-3.237
38.1	-3.042
38.12	-3.081
38.14	-2.881
38.16	-1.808
38.18	-2.46
38.2	-2.241
38.22	-1.931
38.24	-1.115
38.26	-0.939
38.28	-1.056
38.3	-1.08
38.32	-0.941
38.34	-0.416
38.36	-0.531
38.38	-0.566
38.4	-1.693
38.42	-1.653
38.44	-1.232
38.46	-1.834
38.48	-1.764
38.5	-1.472
38.52	-0.754
38.54	-1.156
38.56	-0.732
38.58	-0.156
38.6	1.122
38.62	3.491
38.64	3.493
38.66	3.814
38.68	3.488
38.7	4.422
38.72	5.986
38.74	6.22
38.76	6.237
38.78	6.136
38.8	5.1
38.82	5.787
38.84	5.178
38.86	5.388
38.88	6.511
38.9	5.56
38.92	6.632
38.94	6.118
38.96	6.505
38.98	6.491
39	4.452
39.02	2.529
39.04	1.344
39.06	1.942
39.08	2.159
39.1	2.411
39.12	4.124
39.14	4.795
39.16	6.119
39.18	5.603
39.2	4.125
39.22	4.195
39.24	4.194
39.26	3.256
39.28	2.64
39.3	1.954
39.32	2.552
39.34	3.769
39.36	4.259
39.38	4.035
39.4	1.837
39.42	1.519
39.44	-0.216
39.46	-1.122
39.48	-2.412
39.5	-3.543
39.52	-3.425
39.54	-4.262
39.56	-3.286
39.58	-3.512
39.6	-3.105
39.62	-3.713
39.64	-4.203
39.66	-3.492
39.68	-4.093
39.7	-5.063
39.72	-5.115
39.74	-6.105
39.76	-6.701
39.78	-6.353
39.8	-6.182
39.82	-5.431
39.84	-4.383
39.86	-3.448
39.88	-3.4
39.9	-2.645
39.92	-2.503
39.94	-1.618
39.96	-1.661
39.98	-2.976
40	-3.123
40.02	-3.39
40.04	-3.43
40.06	-3.266
40.08	-3.06
40.1	-4.216
40.12	-3.905
40.14	-3.638
40.16	-4.188
40.18	-5.076
40.2	-5.12
40.22	-4.8
40.24	-4.616
40.26	-3.74
40.28	-4.534
40.3	-3.022
40.32	-2.541
40.34	-1.795
40.36	-1.464
40.38	-0.852
40.4	-0.085
40.42	0.059
40.44	1.492
40.46	2.656
40.48	3.276
40.5	4.118
40.52	4.62
40.54	4.534
40.56	5.88
40.58	6.056
40.6	5.771
40.62	6.148
40.64	7.05
40.66	7.172
40.68	6.681
40.7	7.125
40.72	7.959
40.74	7.944
40.76	6.768
40.78	4.128
40.8	4.112
40.82	4.198
40.84	2.781
40.86	3.052
40.88	2.623
40.9	3.085
40.92	3.257
40.94	2.863
40.96	3.095
40.98	2.905
41	3.993
41.02	4.748
41.04	4.87
41.06	5.995
41.08	5.49
41.1	4.822
41.12	4.586
41.14	3.11
41.16	1.315
41.18	-0.728
41.2	-2.249
41.22	-2.64
41.24	-2.34
41.26	-3.241
41.28	-2.671
41.3	-2.334
41.32	-3.038
41.34	-2.227
41.36	-2.449
41.38	-3.177
41.4	-4.194
41.42	-5.039
41.44	-5.063
41.46	-5.087
41.48	-5.043
41.5	-5.104
41.52	-4.995
41.54	-5.17
41.56	-4.754
41.58	-4.436
41.6	-3.659
41.62	-2.41
41.64	-2.189
41.66	-1.224
41.68	-0.896
41.7	-0.015
41.72	0.826
41.74	0.801
41.76	0.361
41.78	-0.133
41.8	-1.632
41.82	-1.756
41.84	-2.962
41.86	-2.818
41.88	-1.89
41.9	-1.809
41.92	0.495
41.94	1.314
41.96	1.995
41.98	1.986
42	3.271
42.02	3.654
42.04	2.497
42.06	2.257
42.08	1.078
42.1	0.957
42.12	-0.675
42.14	-1.912
42.16	-2.454
42.18	-4.164
42.2	-4.566
42.22	-4.32
42.24	-3.092
42.26	-2.213
42.28	-1.781
42.3	-1.96
42.32	-1.647
42.34	-1.873
42.36	-1.849
42.38	-1.946
42.4	-2.114
42.42	-1.782
42.44	-1.863
42.46	-1.655
42.48	-0.004
42.5	0.703
42.52	1.9
42.54	3.763
42.56	3.596
42.58	3.747
42.6	3.958
42.62	3.626
42.64	3.684
42.66	2.521
42.68	1.192
42.7	0.628
42.72	0.974
42.74	-0.164
42.76	-1.975
42.78	-2.275
42.8	-2.07
42.82	-1.919
42.84	-1.379
42.86	0.598
42.88	1.021
42.9	0.645
42.92	0.562
42.94	-0.351
42.96	-0.502
42.98	0.634
43	1.114
43.02	1.199
43.04	1.518
43.06	1.535
43.08	1.385
43.1	0.884
43.12	0.621
43.14	0.196
43.16	0.101
43.18	0.885
43.2	0.627
43.22	1.469
43.24	0.454
43.26	-1.026
43.28	-0.966
43.3	-1.071
43.32	-1.551
43.34	-0.886
43.36	-1.222
43.38	-1.572
43.4	-2.281
43.42	-1.941
43.44	-0.773
43.46	-0.154
43.48	0.631
43.5	1.06
43.52	0.658
43.54	0.321
43.56	0.296
43.58	-0.771
43.6	-1.252
43.62	-2.288
43.64	-1.768
43.66	-1.752
43.68	-1.554
43.7	-0.226
43.72	0.601
43.74	1.985
43.76	1.607
43.78	2.298
43.8	1.088
43.82	-0.134
43.84	1.437
43.86	1.525
43.88	1.508
43.9	1.378
43.92	1.423
43.94	2.199
43.96	4.324
43.98	4.117
44	3.523
44.02	2.673
44.04	1.74
44.06	1.52
44.08	1.621
44.1	1.487
44.12	1.699
44.14	1.033
44.16	0.457
44.18	-0.134
44.2	-0.866
44.22	-0.324
44.24	-0.652
44.26	-0.982
44.28	-0.73
44.3	0.423
44.32	0.602
44.34	0.644
44.36	-0.23
44.38	0.833
44.4	-0.109
44.42	0.157
44.44	1.443
44.46	0.129
44.48	-0.602
44.5	-1.27
44.52	-1.228
44.54	-1.543
44.56	-1.81
44.58	-2.8
44.6	-2.253
44.62	-0.761
44.64	-1.027
44.66	-1.544
44.68	-1.906
44.7	-1.543
44.72	-1.34
44.74	-1.487
44.76	-2.047
44.78	-2.434
44.8	-1.885
44.82	-1.096
44.84	1.023
44.86	0.84
44.88	1.24
44.9	1.125
44.92	0.461
44.94	0.721
44.96	0.452
44.98	-0.513
45	-0.595
45.02	0.587
45.04	0.263
45.06	1.784
45.08	2.569
45.1	1.846
45.12	1.828
45.14	2.168
45.16	2.592
45.18	0.821
45.2	0.544
45.22	1.047
45.24	0.408
45.26	0.053
45.28	-0.135
45.3	-0.302
45.32	-0.856
45.34	-0.206
45.36	0.021
45.38	-0.159
45.4	-0.511
45.42	-0.096
45.44	-0.3
45.46	0.184
45.48	-0.148
45.5	0.38
45.52	1.473
45.54	1.293
45.56	1.68
45.58	0.849
45.6	1.07
45.62	1.125
45.64	1.446
45.66	1.467
45.68	1.57
45.7	1.515
45.72	1.068
45.74	-0.571
45.76	-0.177
45.78	-1.581
45.8	-2.568
45.82	-3.299
45.84	-3.888
45.86	-3.696
45.88	-3.766
45.9	-4.103
45.92	-3.053
45.94	-2.4
45.96	-0.67
45.98	1.571
46	0.808
46.02	1.8
46.04	1.433
46.06	1.297
46.08	0.467
46.1	-0.971
46.12	-1.486
46.14	-0.995
46.16	-1.058
46.18	-1.987
46.2	-1.233
46.22	-0.523
46.24	-0.606
46.26	-0.249
46.28	0.174
46.3	0.558
46.32	1.382
46.34	2.121
46.36	1.245
46.38	-0.156
46.4	-0.344
46.42	-0.494
46.44	-0.863
46.46	-0.967
46.48	-1.534
46.5	-2.288
46.52	-2.309
46.54	-2.055
46.56	-1.808
46.58	-1.688
46.6	-2.233
46.62	-2.397
46.64	-1.645
46.66	-0.911
46.68	-1.258
46.7	-1.225
46.72	0.196
46.74	-0.472
46.76	-0.199
46.78	-0.053
46.8	-0.019
46.82	-0.014
46.84	-0.396
46.86	-0.426
46.88	-1.061
46.9	-1.957
46.92	-1.465
46.94	-1.838
46.96	-2.602
46.98	-1.755
47	-2.59
47.02	-1.712
47.04	-1.26
47.06	-0.924
47.08	-0.722
47.1	-1.184
47.12	-1.134
47.14	-1.083
47.16	-1.236
47.18	-1.635
47.2	-2.622
47.22	-2.216
47.24	-2.722
47.26	-2.785
47.28	-2.213
47.3	-0.833
47.32	0.373
47.34	1.183
47.36	1.615
47.38	1.783
47.4	0.358
47.42	-0.392
47.44	0.591
47.46	-0.116
47.48	0.426
47.5	0.456
47.52	-0.819
47.54	-0.681
47.56	1.364
47.58	1.667
47.6	3.806
47.62	4.527
47.64	4.1
47.66	5.187
47.68	4.355
47.7	6.2
47.72	7.024
47.74	6.522
47.76	6.959
47.78	6.37
47.8	6.546
47.82	6.689
47.84	7.168
47.86	7.091
47.88	6.946
47.9	7.054
47.92	7.122
47.94	7.197
47.96	6.108
47.98	4.831
48	4.482
48.02	4.689
48.04	4.173
48.06	4.802
48.08	4.912
48.1	4.177
48.12	3.26
48.14	1.972
48.16	1.262
48.18	-0.627
48.2	-2.308
48.22	-3.075
48.24	-3.318
48.26	-4.791
48.28	-5.236
48.3	-4.614
48.32	-4.623
48.34	-3.981
48.36	-4.143
48.38	-4.021
48.4	-4.101
48.42	-5.204
48.44	-4.671
48.46	-4.877
48.48	-4.567
48.5	-4.497
48.52	-4.618
48.54	-4.49
48.56	-3.062
48.58	-2.637
48.6	-3.353
48.62	-1.346
48.64	-1.612
48.66	-0.938
48.68	-1.23
48.7	-1.157
48.72	-1.048
48.74	-1.423
48.76	-1.106
48.78	-1.836
48.8	-1.958
48.82	-2.478
48.84	-2.388
48.86	-2.472
48.88	-2.372
48.9	-1.167
48.92	-1.22
48.94	-0.638
48.96	-0.403
48.98	-0.119
49	-0.391
49.02	-0.426
49.04	-0.544
49.06	-0.392
49.08	-0.359
49.1	-0.13
49.12	0.749
49.14	1.368
49.16	1.345
49.18	-0.55
49.2	0.347
49.22	0.223
49.24	0.196
49.26	-0.631
49.28	-1.194
49.3	-0.192
49.32	0.047
49.34	-0.584
49.36	-1.391
49.38	-1.075
49.4	-1.046
49.42	-0.057
49.44	-0.06
49.46	0.306
49.48	0.78
49.5	1.156
49.52	1.24
49.54	1.628
49.56	2.423
49.58	3.077
49.6	2.21
49.62	2.298
49.64	2.401
49.66	0.706
49.68	-0.061
49.7	-1.434
49.72	-1.336
49.74	-1.378
49.76	-1.329
49.78	-0.504
49.8	-0.622
49.82	-1.262
49.84	-1.37
49.86	-1.128
49.88	-2.066
49.9	-1.291
49.92	-0.18
49.94	0.35
49.96	1.571
49.98	2.658
50	1.823
50.02	1.081
50.04	0.835
50.06	1.01
50.08	2.18
50.1	1.576
50.12	2.667
50.14	2.117
50.16	1.306
50.18	0.964
50.2	0.57
50.22	0.826
50.24	0.156
50.26	0.965
50.28	1.084
50.3	1.898
50.32	2.124
50.34	1.383
50.36	1.036
50.38	0.602
50.4	-0.527
50.42	-1.205
50.44	-0.009
50.46	0.185
50.48	-0.434
50.5	-0.076
50.52	0.176
50.54	-1.03
50.56	-0.883
50.58	-1.093
50.6	-1.976
50.62	-1.763
50.64	-1.614
50.66	-1.621
50.68	-2.368
50.7	-2.316
50.72	-1.416
50.74	-1.995
50.76	-2.303
50.78	-2.165
50.8	-1.179
50.82	-0.922
50.84	-1.03
50.86	0.076
50.88	0.176
50.9	-0.666
50.92	-0.959
50.94	-0.947
50.96	-1.965
50.98	-2.442
51	-1.979
51.02	-2.322
51.04	-1.835
51.06	-0.78
51.08	-0.956
51.1	-1.224
51.12	-0.885
51.14	-1.01
51.16	-0.748
51.18	-1.581
51.2	-2.76
51.22	-2.263
51.24	-2.206
51.26	-1.978
51.28	-2.028
51.3	-2.324
51.32	-1.909
51.34	-2.044
51.36	-1.923
51.38	-1.045
51.4	-0.956
51.42	-0.913
51.44	1.429
51.46	3.125
51.48	3.312
51.5	3.601
51.52	3.343
51.54	3.222
51.56	3.357
51.58	3.817
51.6	3.361
51.62	2.212
51.64	2.199
51.66	2.034
51.68	0.539
51.7	1.28
51.72	2.731
51.74	1.794
51.76	1.92
51.78	2.562
51.8	2.274
51.82	2.893
51.84	3.433
51.86	2.828
51.88	2.158
51.9	1.706
51.92	0.864
51.94	0.972
51.96	1.218
51.98	1.105
52	2.132
52.02	2.456
52.04	3.287
52.06	4.019
52.08	3.425
52.1	1.976
52.12	1.604
52.14	0.941
52.16	0.379
52.18	0.533
52.2	0.721
52.22	1.28
52.24	0.459
52.26	0.762
52.28	0.13
52.3	0.797
52.32	1.266
52.34	1.548
52.36	2.809
52.38	2.375
52.4	1.408
52.42	0.835
52.44	0.824
52.46	-0.054
52.48	0.22
52.5	0.194
52.52	-0.854
52.54	-0.778
52.56	-1.053
52.58	-1.14
52.6	-0.882
52.62	-1.248
52.64	-1.308
52.66	-0.966
52.68	-1.365
52.7	-1.165
52.72	-1.023
52.74	-1.096
52.76	-1.005
52.78	-2.356
52.8	-2.019
52.82	-1.05
52.84	-1.332
52.86	-1.195
52.88	-0.408
52.9	-0.411
52.92	-0.971
52.94	-1.029
52.96	-1.326
52.98	-1.183
53	-1.395
53.02	-2.066
53.04	-1.662
53.06	-0.806
53.08	-0.563
53.1	-0.93
53.12	-1.584
53.14	-1.921
53.16	-2.836
53.18	-3.881
53.2	-3.908
53.22	-2.666
53.24	-2.42
53.26	-1.823
53.28	-1.381
53.3	-2.185
53.32	-1.818
53.34	-2.346
53.36	-2.612
53.38	-1.918
53.4	-2.429
53.42	-2.486
53.44	-2.102
53.46	-2.131
53.48	-1.566
53.5	-1.729
53.52	-1.265
53.54	-0.663
53.56	-0.103
53.58	-0.622
53.6	-1.141
53.62	-0.243
53.64	0.011
53.66	0.614
53.68	-0.462
53.7	0.169
53.72	1.133
53.74	0.28
53.76	0.33
53.78	1.233
53.8	1.804
53.82	1.932
53.84	2.666
53.86	2.855
53.88	2.678
53.9	1.947
53.92	1.821
53.94	1.977
53.96	2.355
53.98	1.913
54	1.81
54.02	1.711
54.04	1.368
54.06	1.462
54.08	1.394
54.1	0.958
54.12	2.101
54.14	1.978
54.16	1.763
54.18	1.458
54.2	0.839
54.22	1.769
54.24	1.862
54.26	1.858
54.28	1.533
54.3	1.924
54.32	0.605
54.34	1.028
54.36	1.375
54.38	1.571
54.4	0.427
54.42	-0.626
54.44	1.319
54.46	1.203
54.48	1.557
54.5	1.449
54.52	1.763
54.54	1.049
54.56	0.819
54.58	0.659
54.6	-0.504
54.62	-0.946
54.64	-1.467
54.66	-0.936
54.68	-2.36
54.7	-3.073
54.72	-3.023
54.74	-2.991
54.76	-1.884
54.78	-2.082
54.8	-2.035
54.82	-1.874
54.84	-0.861
54.86	-1.011
54.88	-1.287
54.9	-1.827
54.92	-1.564
54.94	-1.646
54.96	-2.242
54.98	-2.299
55	-3.153
55.02	-2.473
55.04	-2.072
55.06	-1.786
55.08	-3.107
55.1	-2.707
55.12	-1.564
55.14	-1.762
55.16	-1.835
55.18	-1.915
55.2	-1.518
55.22	-1.129
55.24	-0.329
55.26	0.033
55.28	-0.045
55.3	-0.332
55.32	-0.214
55.34	-1.265
55.36	-0.496
55.38	-0.729
55.4	-0.482
55.42	0.191
55.44	-0.258
55.46	0.234
55.48	0.438
55.5	0.536
55.52	0.473
55.54	1.602
55.56	1.303
55.58	1.542
55.6	0.486
55.62	0.206
55.64	1.043
55.66	1.158
55.68	0.949
55.7	0.487
55.72	1.626
55.74	1.191
55.76	1.213
55.78	1.107
55.8	1.485
55.82	1.298
55.84	1.019
55.86	0.781
55.88	0.915
55.9	1.079
55.92	0.643
55.94	1.05
55.96	1.373
55.98	1.895
56	2.646
56.02	3.17
56.04	2.558
56.06	2.672
56.08	2.222
56.1	1.73
56.12	1.274
56.14	1.379
56.16	1.624
56.18	0.871
56.2	0.573
56.22	1.394
56.24	1.559
56.26	1.166
56.28	1.323
56.3	2.07
56.32	2.266
56.34	2.382
56.36	2.98
56.38	3.409
56.4	2.481
56.42	2.55
56.44	2.797
56.46	2.404
56.48	2.285
56.5	2.035
56.52	1.38
56.54	1.49
56.56	1.788
56.58	1.472
56.6	0.906
56.62	-0.365
56.64	-0.508
56.66	-1.707
56.68	-3.535
56.7	-3.949
56.72	-3.676
56.74	-3.48
56.76	-3.21
56.78	-3.555
56.8	-2.828
56.82	-2.726
56.84	-2.238
56.86	-1.347
56.88	-1.459
56.9	-1.177
56.92	-0.915
56.94	-0.786
56.96	-1.742
56.98	-0.996
57	-1.278
57.02	-1.494
57.04	-1.586
57.06	-1.326
57.08	-1.46
57.1	-1.776
57.12	-0.067
57.14	0.334
57.16	0.821
57.18	-0.284
57.2	-1.337
57.22	-0.007
57.24	0.347
57.26	0.078
57.28	0.239
57.3	0.079
57.32	-0.351
57.34	-0.969
57.36	-1.575
57.38	-1.449
57.4	-1.671
57.42	-2.248
57.44	-1.976
57.46	-2.034
57.48	-1.778
57.5	-1.572
57.52	-1.238
57.54	-1.583
57.56	-1.393
57.58	-1.416
57.6	-1.737
57.62	-1.325
57.64	-0.365
57.66	-0.26
57.68	-0.454
57.7	-0.335
57.72	0.299
57.74	0.789
57.76	0.904
57.78	0.711
57.8	0.133
57.82	0.411
57.84	0.767
57.86	1.217
57.88	0.673
57.9	0.005
57.92	-1.406
57.94	-0.918
57.96	-0.494
57.98	0.064
58	0.785
58.02	1.321
58.04	1.258
58.06	2.205
58.08	1.869
58.1	0.762
58.12	0.502
58.14	-0.262
58.16	0.009
58.18	-1.09
58.2	-0.338
58.22	0.67
58.24	1.383
58.26	0.821
58.28	0.657
58.3	1.072
58.32	0.066
58.34	0.178
58.36	0.044
58.38	-0.168
58.4	-0.873
58.42	-0.686
58.44	0.655
58.46	0.507
58.48	0.322
58.5	0.649
58.52	0.645
58.54	0.484
58.56	1.547
58.58	1.273
58.6	0.643
58.62	1.397
58.64	1.478
58.66	0.928
58.68	0.757
58.7	0.644
58.72	0.668
58.74	0.786
58.76	0.947
58.78	0.564
58.8	0.697
58.82	0.387
58.84	-0.466
58.86	-0.445
58.88	-0.6
58.9	-0.114
58.92	0.109
58.94	-0.533
58.96	-0.891
58.98	-0.13
59	-0.127
59.02	0.654
59.04	0.08
59.06	0.482
59.08	0.718
59.1	-0.167
59.12	-0.056
59.14	-0.015
59.16	0.003
59.18	-0.76
59.2	-0.164
59.22	-0.145
59.24	0.012
59.26	-0.682
59.28	-0.743
59.3	-0.139
59.32	-0.597
59.34	-0.417
59.36	-0.16
59.38	-0.157
59.4	-0.507
59.42	-0.422
59.44	0.527
59.46	0.954
59.48	0.995
59.5	0.882
59.52	0.379
59.54	-0.107
59.56	1.227
59.58	0.419
59.6	-0.466
59.62	0.389
59.64	0.084
59.66	-0.066
59.68	-1.145
59.7	-1.275
59.72	-0.634
59.74	-0.186
59.76	-0.445
59.78	-0.831
59.8	-1.302
59.82	-1.505
59.84	-1.286
59.86	-2.141
59.88	-1.367
59.9	-2.055
59.92	-1.44
59.94	-1.602
59.96	-0.927
59.98	0.203
