cm/s2; dt = 0.020
0.364000000000000
-3.00400000000000
-3.42500000000000
-5.66400000000000
-5.23400000000000
-4.40900000000000
-2.50100000000000
-0.315000000000000
-6.20600000000000
-6.96100000000000
-1.64500000000000
0.432000000000000
-3.20800000000000
-4.25200000000000
-1.04400000000000
0.726000000000000
-4.38300000000000
-4.50900000000000
2.69900000000000
3.47000000000000
-5.57200000000000
-12.3330000000000
-13.5620000000000
0.783000000000000
-16.0520000000000
18.5890000000000
1.28000000000000
-19.3650000000000
-22.2710000000000
-1.03600000000000
55.9810000000000
12.6620000000000
-8.65100000000000
-34.3270000000000
-16.8960000000000
5.21400000000000
17.4710000000000
3.47400000000000
-0.985000000000000
-14.3850000000000
-43.7800000000000
-16.7060000000000
3.14100000000000
76.3090000000000
75.5520000000000
-34.1460000000000
-94.6450000000000
-65.1000000000000
42.8730000000000
129.011000000000
35.0670000000000
-10.0670000000000
-82.9860000000000
-117.399000000000
54.5720000000000
2.19900000000000
84.2540000000000
4.73600000000000
-58.3090000000000
-8.34000000000000
-75.8180000000000
53.0360000000000
61.2380000000000
1.71000000000000
6.37200000000000
-63.2010000000000
-53.8890000000000
-2.93200000000000
-14.6280000000000
50.9620000000000
44.0610000000000
-91.5590000000000
-48.6650000000000
44.4200000000000
-38.1170000000000
75.8640000000000
4.59800000000000
-16.9180000000000
19.1480000000000
-70.4020000000000
-44.7970000000000
21.3100000000000
17.7630000000000
-7.48100000000000
-32.5580000000000
-52.2470000000000
11.3490000000000
63.3940000000000
42.3670000000000
-54.5650000000000
53.2920000000000
20.9620000000000
-13.2910000000000
-53.7410000000000
1.34900000000000
-38.5770000000000
-22.5380000000000
96.2640000000000
-34.0170000000000
48.8590000000000
-11.2000000000000
-49.0500000000000
-1.02200000000000
27.0420000000000
-23.2130000000000
4.44000000000000
63.3390000000000
-117.455000000000
-43.6070000000000
19.4930000000000
104.545000000000
26.9970000000000
-58.7290000000000
-47.3470000000000
-74.1180000000000
70.9950000000000
17.3200000000000
68.3670000000000
3.55400000000000
-5.59200000000000
-45.6800000000000
-75.1840000000000
46.6000000000000
24.4850000000000
20.0950000000000
14.4450000000000
-31.4650000000000
-53.1480000000000
86.8820000000000
14.2580000000000
-59.8860000000000
-70.2550000000000
-75.0170000000000
13.1480000000000
31.1810000000000
-26.8840000000000
18.4790000000000
16.1190000000000
42.8690000000000
107.600000000000
-3.45800000000000
80.5640000000000
110.627000000000
57.6420000000000
47.9880000000000
70.9280000000000
-20.2400000000000
-23.3330000000000
-19.9560000000000
-9.09900000000000
29.1850000000000
-3.66900000000000
109.071000000000
76.1240000000000
159.374000000000
202.501000000000
206.562000000000
103.616000000000
20.6150000000000
-9.82500000000000
-64.6730000000000
45.7280000000000
73.4670000000000
-5.22500000000000
-80.5420000000000
-129.801000000000
-223.862000000000
-168.458000000000
19.9200000000000
5.13300000000000
-148.110000000000
-206.480000000000
-248.022000000000
-404.494000000000
-376.258000000000
-144.033000000000
21.5800000000000
-238.969000000000
-412.273000000000
-102.063000000000
94.2020000000000
300.614000000000
480.283000000000
534.615000000000
384.040000000000
381.356000000000
268.076000000000
-18.8510000000000
-143.102000000000
-165.374000000000
-126.659000000000
-252.498000000000
-319.312000000000
-320.124000000000
-360.243000000000
-226.658000000000
-64.6520000000000
52.8600000000000
139.162000000000
207.355000000000
413.402000000000
388.412000000000
94.9780000000000
70.3730000000000
216.628000000000
295.864000000000
135.314000000000
16.9100000000000
-325.384000000000
-273.319000000000
-94.1870000000000
-371.196000000000
-348.283000000000
-274.384000000000
35.1620000000000
124.437000000000
237.180000000000
358.388000000000
573.811000000000
402.395000000000
160.846000000000
254.366000000000
-7.44700000000000
-333.422000000000
-748.706000000000
-764.836000000000
-448.376000000000
-421.553000000000
-177.273000000000
72.8340000000000
188.804000000000
318.975000000000
649.986000000000
745.764000000000
281.809000000000
26.9230000000000
66.8040000000000
-82.9740000000000
-280.587000000000
-42.9370000000000
-78.8720000000000
-43.4940000000000
-25.9230000000000
22.3920000000000
-239.922000000000
176.441000000000
458.926000000000
298.110000000000
497.212000000000
199.066000000000
28.0020000000000
-23.4970000000000
-124.985000000000
-131.637000000000
-448.053000000000
-406.839000000000
-51.4500000000000
-135.886000000000
-42.9080000000000
28.9640000000000
157.913000000000
203.296000000000
133.538000000000
40.9630000000000
-98.5590000000000
-123.612000000000
-12.8460000000000
53.8130000000000
14.1010000000000
-94.9270000000000
-88.2340000000000
-158.533000000000
-27.1940000000000
191.508000000000
254.807000000000
551.626000000000
550.722000000000
149.546000000000
-31.5420000000000
-28.7050000000000
-186.906000000000
-360.406000000000
-421.124000000000
-310.437000000000
-280.171000000000
-205.953000000000
-112.603000000000
3.80000000000000
13.9010000000000
-167.228000000000
-149.730000000000
-139.966000000000
35.7880000000000
173.781000000000
185.818000000000
169.254000000000
261.232000000000
299.134000000000
102.915000000000
-52.5540000000000
-88.9640000000000
-127.899000000000
-143.677000000000
-121.039000000000
-75.6870000000000
-98.5620000000000
-39.1450000000000
235.852000000000
232.127000000000
146.441000000000
41.4170000000000
5.95700000000000
10.4090000000000
4.25800000000000
43.9360000000000
65.9610000000000
154.076000000000
-19.5030000000000
-119.221000000000
-110.720000000000
-178.244000000000
-81.5280000000000
-71.3700000000000
-165.612000000000
-69.2810000000000
-68.1120000000000
-153.225000000000
-202.639000000000
-157.607000000000
-51.9060000000000
18.1870000000000
-174.023000000000
-270.431000000000
368.108000000000
747.379000000000
781.354000000000
525.154000000000
376.797000000000
300.006000000000
221.194000000000
183.259000000000
103.300000000000
40.3760000000000
-254.439000000000
-651.163000000000
-1305.32500000000
-369.283000000000
58.6240000000000
-179.219000000000
47.1560000000000
-139.894000000000
-208.268000000000
225.612000000000
336.010000000000
249.846000000000
676.559000000000
829.275000000000
546.868000000000
130.208000000000
107.468000000000
-20.6510000000000
-235.503000000000
-218.759000000000
-180.296000000000
-213.990000000000
-712.027000000000
-190.211000000000
623.166000000000
438.036000000000
359.680000000000
-71.9060000000000
-83.0350000000000
-175.726000000000
-357.131000000000
-577.399000000000
-1073.12500000000
-553.481000000000
-78.7580000000000
-492.459000000000
-326.496000000000
55.8740000000000
298.979000000000
538.600000000000
659.657000000000
601.748000000000
594.519000000000
659.198000000000
541.296000000000
340.079000000000
417.830000000000
379.811000000000
333.124000000000
142.380000000000
-307.472000000000
-972.459000000000
-1391.10500000000
-1527.70900000000
-1411.37200000000
-337.358000000000
-283.588000000000
-283.655000000000
255.095000000000
416.145000000000
311.539000000000
-12.3260000000000
-132.753000000000
-100.992000000000
-243.450000000000
-416.999000000000
-563.973000000000
-700.103000000000
-671.115000000000
-257.110000000000
-12.0190000000000
-290.643000000000
-231.892000000000
-796.083000000000
697.773000000000
1744.53300000000
1162.30300000000
1057.63200000000
593.765000000000
576.044000000000
417.184000000000
390.815000000000
281.368000000000
418.241000000000
551.467000000000
478.550000000000
280.541000000000
103.020000000000
-615.588000000000
-1536.79900000000
-1092.16700000000
-401.623000000000
-186.600000000000
-396.130000000000
16.7990000000000
268.169000000000
37.7460000000000
121.798000000000
49.4240000000000
116.337000000000
342.993000000000
580.760000000000
612.925000000000
210.180000000000
-30.4340000000000
138.580000000000
59.5180000000000
-170.074000000000
-291.437000000000
-349.382000000000
-332.588000000000
-94.4620000000000
61.0310000000000
41.6910000000000
8.67600000000000
44.4680000000000
56.1760000000000
13.0890000000000
-57.8960000000000
-166.931000000000
-244.760000000000
-330.332000000000
-382.715000000000
-265.868000000000
-186.522000000000
-152.160000000000
-59.7180000000000
-14.0920000000000
-50.2820000000000
-112.038000000000
-96.7790000000000
-112.159000000000
87.5160000000000
249.400000000000
128.219000000000
91.1820000000000
62.9060000000000
105.746000000000
19.8540000000000
-33.2010000000000
172.063000000000
85.8090000000000
-64.5170000000000
-124.513000000000
5.21900000000000
256.431000000000
288.980000000000
204.560000000000
121.274000000000
23.0070000000000
-64.0860000000000
-81.0900000000000
-152.864000000000
-390.627000000000
-423.348000000000
-48.0940000000000
115.068000000000
213.902000000000
391.088000000000
513.610000000000
532.351000000000
287.584000000000
112.432000000000
193.266000000000
160.222000000000
-50.6760000000000
-293.055000000000
-379.068000000000
-239.218000000000
-87.5270000000000
-94.0960000000000
-150.345000000000
-24.3760000000000
222.355000000000
403.039000000000
525.095000000000
333.432000000000
111.477000000000
165.704000000000
212.198000000000
31.0460000000000
-181.131000000000
-329.997000000000
-386.210000000000
-551.148000000000
-334.322000000000
75.1720000000000
-279.264000000000
-391.266000000000
-421.589000000000
-479.473000000000
-307.143000000000
-52.2870000000000
278.877000000000
859.863000000000
1196.32300000000
641.861000000000
229.144000000000
46.8740000000000
297.904000000000
544.227000000000
389.004000000000
339.927000000000
114.324000000000
-197.750000000000
-808.068000000000
-1078.99900000000
-631.345000000000
-370.768000000000
-531.128000000000
-523.470000000000
-365.852000000000
-116.121000000000
-51.6180000000000
126.844000000000
265.080000000000
418.319000000000
901.388000000000
370.261000000000
-11.9500000000000
318.688000000000
449.666000000000
345.706000000000
174.804000000000
88.0560000000000
25.4410000000000
-243.536000000000
-791.885000000000
-1121.36300000000
-671.335000000000
-237.728000000000
-252.853000000000
-101.267000000000
11.4710000000000
-2.41400000000000
57.3490000000000
80.6520000000000
72.1480000000000
70.7200000000000
30.8760000000000
88.3700000000000
200.807000000000
294.799000000000
392.724000000000
273.904000000000
20.7500000000000
-129.947000000000
-127.846000000000
-80.7370000000000
9.83100000000000
82.4500000000000
76.3840000000000
81.0910000000000
14.4680000000000
-45.1480000000000
-87.0060000000000
-180.891000000000
-216.090000000000
-220.887000000000
-110.962000000000
-16.5310000000000
-25.7760000000000
61.4070000000000
91.5530000000000
101.416000000000
148.491000000000
170.659000000000
179.269000000000
225.541000000000
251.967000000000
251.568000000000
257.902000000000
193.794000000000
112.736000000000
109.797000000000
101.643000000000
65.2290000000000
-11.3350000000000
-188.932000000000
-354.784000000000
-221.337000000000
66.3960000000000
-5.16200000000000
-171.043000000000
-186.714000000000
-162.600000000000
-129.041000000000
-134.571000000000
-88.9160000000000
19.2370000000000
83.9780000000000
76.4990000000000
27.5160000000000
-37.1640000000000
-99.0360000000000
-136.723000000000
-173.150000000000
-204.680000000000
-155.503000000000
-46.1660000000000
59.9030000000000
138.331000000000
205.982000000000
283.893000000000
325.962000000000
330.434000000000
295.625000000000
151.104000000000
22.3230000000000
-61.8640000000000
-176.543000000000
-288.766000000000
-349.970000000000
-373.708000000000
-292.506000000000
-170.254000000000
-146.098000000000
-143.633000000000
-126.393000000000
-49.3640000000000
20.4710000000000
92.0800000000000
173.015000000000
276.439000000000
342.644000000000
499.860000000000
508.320000000000
233.443000000000
77.2740000000000
-34.7090000000000
-234.495000000000
-285.310000000000
-121.239000000000
29.6980000000000
109.869000000000
119.875000000000
121.612000000000
114.228000000000
72.3280000000000
-16.8010000000000
-142.864000000000
-289.765000000000
-303.333000000000
-227.849000000000
-156.765000000000
-79.9460000000000
-74.6280000000000
-80.1190000000000
-31.0350000000000
7.22500000000000
-7.04800000000000
-0.526000000000000
80.3100000000000
119.266000000000
88.8020000000000
68.6450000000000
101.719000000000
141.617000000000
144.049000000000
101.590000000000
47.1780000000000
31.4090000000000
6.20400000000000
-40.5880000000000
-96.3900000000000
-136.110000000000
-115.271000000000
-61.8590000000000
-43.2100000000000
-16.3720000000000
17.7820000000000
43.7200000000000
65.2800000000000
112.029000000000
160.221000000000
238.555000000000
162.777000000000
-113.429000000000
-264.667000000000
-318.263000000000
-226.112000000000
-129.374000000000
-111.196000000000
-58.6550000000000
-11.0030000000000
41.3690000000000
99.6020000000000
141.661000000000
173.896000000000
216.958000000000
246.903000000000
161.010000000000
21.5420000000000
-65.9810000000000
-174.632000000000
-214.746000000000
-170.396000000000
-112.242000000000
-53.7190000000000
-21.5960000000000
-23.2790000000000
-34.4130000000000
-36.7760000000000
-40.3080000000000
-14.1210000000000
73.6270000000000
158.012000000000
180.179000000000
165.865000000000
160.709000000000
146.928000000000
54.6580000000000
-10.6760000000000
-25.8310000000000
-35.7040000000000
-34.4950000000000
-26.0860000000000
-25.2610000000000
-81.3130000000000
-139.190000000000
-144.837000000000
-91.6650000000000
-46.9370000000000
-9.57800000000000
33.7790000000000
87.5450000000000
153.127000000000
218.440000000000
258.143000000000
273.848000000000
224.482000000000
99.8840000000000
3.87800000000000
-106.934000000000
-211.374000000000
-239.427000000000
-156.586000000000
-91.1280000000000
-19.0290000000000
10.7980000000000
-60.5770000000000
-55.9170000000000
-54.3000000000000
-101.015000000000
-86.4980000000000
22.5450000000000
93.4190000000000
123.928000000000
116.254000000000
57.1000000000000
-31.1990000000000
-131.621000000000
-220.710000000000
-260.603000000000
-199.412000000000
-173.110000000000
-184.507000000000
-140.632000000000
-71.8170000000000
13.3960000000000
84.2780000000000
162.540000000000
254.394000000000
401.194000000000
460.219000000000
229.028000000000
-3.02500000000000
-79.6000000000000
-226.844000000000
-325.165000000000
-218.663000000000
-3.21700000000000
55.3820000000000
-32.9850000000000
-4.90400000000000
30.8710000000000
63.0790000000000
104.633000000000
129.062000000000
176.074000000000
218.105000000000
195.372000000000
133.640000000000
37.7350000000000
-43.3450000000000
-120.265000000000
-226.558000000000
-255.879000000000
-196.193000000000
-108.247000000000
-40.9230000000000
-21.0660000000000
10.0520000000000
34.6110000000000
29.1310000000000
44.8570000000000
98.1920000000000
137.860000000000
153.330000000000
159.565000000000
159.504000000000
152.534000000000
62.6060000000000
-20
-59.7150000000000
-79.4790000000000
-70.1250000000000
-63.8310000000000
-74.8190000000000
-98.8870000000000
-114.785000000000
-123.184000000000
-126.457000000000
-98.2600000000000
-49.2100000000000
-76.6680000000000
-110.937000000000
-105.883000000000
-106.037000000000
-96.4270000000000
-80.5720000000000
-58.8260000000000
-5.59800000000000
68.1020000000000
105.946000000000
112.589000000000
113.070000000000
96.4570000000000
28.5420000000000
-42.0860000000000
-68.5900000000000
-69.3390000000000
-69.6150000000000
-40.2060000000000
34.9780000000000
58.5560000000000
59.4200000000000
92.9290000000000
118.629000000000
122.391000000000
153.932000000000
186.594000000000
102.897000000000
-11.4380000000000
-77.5040000000000
-97.2280000000000
-70.0390000000000
-33.9540000000000
6.66200000000000
27.9510000000000
27.4230000000000
27.2970000000000
42.5250000000000
40.8910000000000
40.3280000000000
61.4180000000000
87.7040000000000
60.1840000000000
-17.0600000000000
-39.8460000000000
-19.7390000000000
16.8960000000000
38.2220000000000
18.4750000000000
-22.0060000000000
-47.5020000000000
-42.5350000000000
-30.5280000000000
-27.6250000000000
-16.8080000000000
-15.1470000000000
-25.9310000000000
-28.7450000000000
-21.5800000000000
-18.8100000000000
-34.7450000000000
-54.6250000000000
-61.9480000000000
-48.8600000000000
-27.4510000000000
-31.0330000000000
-53.4680000000000
-32.0620000000000
18.2150000000000
57.2390000000000
62.2010000000000
27.6550000000000
8.04400000000000
10.2020000000000
10.0630000000000
-3.17800000000000
-14.9190000000000
-10.5900000000000
2.86700000000000
8.00300000000000
6.00600000000000
12.5010000000000
30.6510000000000
47.7080000000000
41.3070000000000
18.2960000000000
-0.747000000000000
-7.14500000000000
-15.8940000000000
-31.0280000000000
-36.7250000000000
-32.0200000000000
-18.7240000000000
18.3290000000000
45.5990000000000
52.9420000000000
68.9540000000000
46.7220000000000
1.39900000000000
-33.5780000000000
-56.2080000000000
-65.9250000000000
-74.9760000000000
-85.0450000000000
-83.3240000000000
-72.9900000000000
-50.3720000000000
-8.07300000000000
8.79600000000000
-7.02900000000000
-20.6960000000000
-17.2930000000000
-21.4190000000000
-31.4820000000000
-38.9030000000000
-42.8770000000000
-33.6350000000000
13.1060000000000
50.1450000000000
54.7850000000000
52.0580000000000
44.6850000000000
40.9710000000000
20.6770000000000
-2.92000000000000
-9.07800000000000
-3.61200000000000
23.3260000000000
47.3870000000000
54.3670000000000
58.3570000000000
68.9310000000000
91.6590000000000
102.615000000000
105.921000000000
82.7890000000000
54.8630000000000
37.0730000000000
10.8020000000000
-12.4180000000000
-49.4060000000000
-87.8370000000000
-109.032000000000
-115.156000000000
-114.394000000000
-74.6710000000000
-26.3540000000000
-21.5290000000000
-21.6690000000000
-13.5660000000000
-9.85500000000000
-11.4310000000000
-5.40900000000000
28.0390000000000
58.0520000000000
69.0660000000000
73.5780000000000
65.1900000000000
62.4980000000000
59.1700000000000
29.2010000000000
-24.6550000000000
-68.7280000000000
-93.5780000000000
-71.9110000000000
5.30700000000000
35.4170000000000
44.2170000000000
76.5570000000000
86.5520000000000
77.1060000000000
56.5110000000000
46.9100000000000
16.9210000000000
-36.3450000000000
-77.6930000000000
-116.933000000000
-155.882000000000
-142.864000000000
-65.8980000000000
-18.5540000000000
-4.60100000000000
-5.65500000000000
-15.1680000000000
-24.9640000000000
-27.9780000000000
-23.1300000000000
-29.6400000000000
-32.1810000000000
-23.7920000000000
-16.2900000000000
-13.8590000000000
-14.0260000000000
-21.9750000000000
-19.4390000000000
-18.0930000000000
-12.5150000000000
-4.39300000000000
-10.1510000000000
-9.42800000000000
0.579000000000000
9.49900000000000
17.8270000000000
25.0500000000000
32.1240000000000
33.8870000000000
19.6220000000000
-0.917000000000000
-10.9590000000000
-15.7750000000000
-26.6100000000000
-44.5640000000000
-52.7160000000000
-13.2870000000000
24.9770000000000
48.0330000000000
70.8700000000000
80.2230000000000
77.1870000000000
62.7800000000000
52.9520000000000
45.0020000000000
31.8470000000000
-1.16400000000000
-35.1500000000000
-44.8330000000000
-25.4910000000000
7.22200000000000
31.4150000000000
43.9240000000000
42.6560000000000
41.1460000000000
39.3540000000000
28.1530000000000
15.2920000000000
2.81100000000000
-8.72900000000000
-18.0990000000000
-27.6090000000000
-41.9640000000000
-51.0230000000000
-43.9230000000000
-25.4740000000000
-16.3490000000000
-18.1550000000000
-15.6270000000000
-9.29100000000000
4.50000000000000
16.5110000000000
14.8140000000000
-14.8840000000000
-42.2370000000000
-44.9480000000000
-51.6500000000000
-58.7680000000000
-64.1330000000000
-48.0250000000000
-18.4570000000000
-6.36900000000000
3.46400000000000
11.9000000000000
-7.08700000000000
-31.1020000000000
-18.3760000000000
6.08300000000000
24.3260000000000
40.5260000000000
70.6150000000000
92.2690000000000
96.0670000000000
96.1830000000000
87.0450000000000
51.5780000000000
-10.7610000000000
-60.4620000000000
-87.1920000000000
-86.5630000000000
-41.2380000000000
14.9720000000000
32.5390000000000
48.4470000000000
73.1130000000000
78.7990000000000
51.1680000000000
-5.91400000000000
-39.8740000000000
-46.0120000000000
-51.5670000000000
-54.8170000000000
-21.5320000000000
-1.12900000000000
5.13100000000000
27.7070000000000
37.7400000000000
51.1210000000000
55.8790000000000
61.3310000000000
64.2040000000000
52.8800000000000
27.6850000000000
1.11200000000000
-21.7910000000000
-21.9520000000000
-6.04300000000000
-13.0540000000000
-29.2780000000000
-40.7600000000000
-33.3510000000000
-19.0830000000000
-13.3110000000000
-15.3920000000000
-14.5620000000000
-4.06400000000000
-3.89400000000000
-8.38200000000000
-22.1220000000000
-37.0420000000000
-48.6940000000000
-61.8630000000000
-68.7250000000000
-50.8470000000000
-21.6960000000000
-0.906000000000000
29.2770000000000
51.8580000000000
62.6330000000000
58.9640000000000
40.2290000000000
10.6020000000000
-23.0770000000000
-48.3890000000000
-63.1410000000000
-45.2390000000000
-12.7180000000000
-1.55600000000000
-3.91800000000000
-2.79900000000000
-11.0350000000000
-10.1790000000000
6.69200000000000
34.4980000000000
61.9880000000000
64.7200000000000
61.7980000000000
50.8450000000000
43.3390000000000
38.1220000000000
27.7450000000000
15.7680000000000
9.89500000000000
5.42800000000000
-2.60800000000000
-10.3710000000000
-10.7720000000000
16.6660000000000
36.6010000000000
34.3760000000000
30.0270000000000
28.8180000000000
28.8040000000000
20.7080000000000
15.7640000000000
-4.80300000000000
-32.7210000000000
-47.4850000000000
-53.9330000000000
-49.1240000000000
-48.1570000000000
-50.1590000000000
-50.9340000000000
-52.4570000000000
-47.7960000000000
-34.9160000000000
-22.5910000000000
-17.1160000000000
-20.5420000000000
-21.3200000000000
-17.5380000000000
-18.1730000000000
-15.2450000000000
-13.7020000000000
-22.2800000000000
-28.8500000000000
-31.9690000000000
-34.7030000000000
-26.7450000000000
-10.4190000000000
2.84000000000000
10.7420000000000
21.6640000000000
28.8540000000000
23.9770000000000
11.8920000000000
2.90800000000000
0.377000000000000
1.00800000000000
4.45700000000000
8.66800000000000
10.4360000000000
12.1420000000000
19.8040000000000
17.1580000000000
18.7430000000000
26.2820000000000
20.6960000000000
23.1800000000000
27.3780000000000
24.8310000000000
32.7840000000000
38.1080000000000
23.3690000000000
-3.25000000000000
-25.3310000000000
-42.9590000000000
-53.8540000000000
-54.6810000000000
-32.1680000000000
9.98100000000000
31.3420000000000
51.5290000000000
71.3040000000000
64.3360000000000
15.8950000000000
-27.7420000000000
-30.8370000000000
-9.10800000000000
24.2390000000000
37.1130000000000
23.6700000000000
1.79900000000000
-12.5190000000000
-18.5320000000000
2.35600000000000
20.0240000000000
16.9980000000000
11.4430000000000
11.9620000000000
15.7680000000000
18.8300000000000
7.72500000000000
-22.6080000000000
-33.7920000000000
-34.0990000000000
-31.1140000000000
-37.6500000000000
-48.2450000000000
-44.3720000000000
-30.6780000000000
-6.01800000000000
8.83900000000000
11.9580000000000
11.9800000000000
11.0910000000000
6.34200000000000
3.59100000000000
-5.48300000000000
-9.38600000000000
-7.58400000000000
-9.86500000000000
-7.48200000000000
-9.79000000000000
-11.3540000000000
-0.0510000000000000
15.7620000000000
22.4230000000000
19.2720000000000
16.4300000000000
13.8920000000000
10.2100000000000
10.4410000000000
12.5120000000000
18.7890000000000
17.0910000000000
9.35600000000000
0.390000000000000
-10.3380000000000
-13.9390000000000
-13.2760000000000
-17.8710000000000
-31.8730000000000
-38.9770000000000
-23.7800000000000
1.13900000000000
21.8970000000000
42.0650000000000
48.4510000000000
30.1620000000000
8.29600000000000
-1.17000000000000
-12.2540000000000
-23.0080000000000
-24.1530000000000
-17.6900000000000
-4.88200000000000
3.79300000000000
3.65600000000000
4.41900000000000
10.5210000000000
7.51100000000000
2.95700000000000
6.82100000000000
14.2510000000000
17.4540000000000
9.80500000000000
-5.66700000000000
-11.0990000000000
-13.3630000000000
-13.7320000000000
-11.1190000000000
-10.3070000000000
-6.60300000000000
-4.33000000000000
0.294000000000000
-2.22800000000000
1.03100000000000
10.3280000000000
15.0560000000000
10.8800000000000
-2.37000000000000
-6.58500000000000
-5.62800000000000
-7.26200000000000
-11.1210000000000
-11.6880000000000
-21.5880000000000
-47.3500000000000
-61.5650000000000
-55.9410000000000
-26.7960000000000
-1.93100000000000
18.2450000000000
47.6410000000000
56.7820000000000
59.6970000000000
63.5040000000000
69.9700000000000
82.8210000000000
85.3230000000000
51.7050000000000
9.89300000000000
-5.50900000000000
-10.2960000000000
-6.19200000000000
2.70100000000000
6.73200000000000
-2.54600000000000
-9.95800000000000
-6.81200000000000
2.02700000000000
9.93700000000000
11.2250000000000
16.5060000000000
17.3240000000000
12.1140000000000
-3.57700000000000
-25.3200000000000
-39.1280000000000
-43.7930000000000
-45.4170000000000
-42.3270000000000
-19.7650000000000
-1.41500000000000
0.204000000000000
-7.76200000000000
-15.7720000000000
-14.0880000000000
5.04800000000000
20.3570000000000
8.46300000000000
-18.3680000000000
-35.9550000000000
-44.7710000000000
-42.3970000000000
-32.0390000000000
-26.4070000000000
-16.2750000000000
-5.88600000000000
-11.1760000000000
-3.52400000000000
11.1400000000000
15.8630000000000
19.7500000000000
14.6750000000000
6.60000000000000
8.13300000000000
9.36500000000000
6.99200000000000
12.8910000000000
16.4700000000000
18.7210000000000
17.1170000000000
10.8800000000000
11.0810000000000
8.69900000000000
-5.02800000000000
-14.5460000000000
-13.0150000000000
-16.4550000000000
-24.8720000000000
-27.4560000000000
-26.0800000000000
-23.9050000000000
-18.6300000000000
-9.85300000000000
-11.0990000000000
-11.9240000000000
-5.07000000000000
7.41000000000000
15.5000000000000
8.74600000000000
-3.40000000000000
-16.8490000000000
-26.1360000000000
-28.9920000000000
-24.7920000000000
-14.8010000000000
-0.294000000000000
14.2770000000000
21.5450000000000
25.2800000000000
26.2060000000000
9.25400000000000
-4.35200000000000
-2.55600000000000
0.408000000000000
4.71800000000000
6.19000000000000
12.9100000000000
19.8710000000000
25.6510000000000
31.8110000000000
28.9350000000000
19.3740000000000
14.6830000000000
16.0450000000000
10.4110000000000
-0.880000000000000
-17.0650000000000
-30.2900000000000
-30.4710000000000
-14.7810000000000
0.0110000000000000
9.88900000000000
19.4880000000000
26.0880000000000
25.1450000000000
22.9210000000000
24.8050000000000
15.4850000000000
7.70300000000000
2.33700000000000
-8.27100000000000
-22.7890000000000
-28.9550000000000
-25.5700000000000
-18.6590000000000
-6.33000000000000
5.57500000000000
6.36600000000000
1.67700000000000
0.623000000000000
0.161000000000000
-1.50100000000000
-1.47200000000000
5.84600000000000
8.04100000000000
8.94700000000000
12.2820000000000
19.4580000000000
30.1920000000000
32.8270000000000
23.5390000000000
10.2940000000000
-3.62400000000000
-17.5750000000000
-24.9850000000000
-19.3010000000000
4.74000000000000
18.8130000000000
20.6660000000000
25.4850000000000
27.5200000000000
20.1930000000000
9.33400000000000
1.42300000000000
-11.1950000000000
-22.2380000000000
-28.3020000000000
-31.9910000000000
-36.3890000000000
-39.7690000000000
-33.9140000000000
-24.4100000000000
-18.4040000000000
-8.87000000000000
-3.30200000000000
5.79600000000000
17.4960000000000
22.6250000000000
18.1120000000000
4.95200000000000
-1.48700000000000
-1.75300000000000
-9.59700000000000
-24.0770000000000
-26.3610000000000
-17.6720000000000
-12.6290000000000
-6.13200000000000
-6.76400000000000
-8.22000000000000
-6.22500000000000
-9.56600000000000
-8.10300000000000
-8.35000000000000
-2.11800000000000
2.09200000000000
-1.89800000000000
-12.2800000000000
-21.3360000000000
-24.2630000000000
-24.0920000000000
-17.1760000000000
-8.89700000000000
-3.86700000000000
-3.01900000000000
-7.85800000000000
-4.35300000000000
12.5290000000000
18.3250000000000
16.3550000000000
16.8330000000000
15.9910000000000
19.2700000000000
25.3750000000000
29.6000000000000
29.7880000000000
24.8540000000000
21.7860000000000
24.0370000000000
22.5750000000000
20.3810000000000
18.5140000000000
17.6880000000000
20.5220000000000
17.9600000000000
10.7730000000000
1.10600000000000
-7.27100000000000
-15.0280000000000
-19.8740000000000
-17.1450000000000
-18.3250000000000
-18.6640000000000
-14.0470000000000
-8.15100000000000
6.38200000000000
20.7250000000000
28.2600000000000
24.8290000000000
6.75700000000000
-6.03600000000000
-12.9430000000000
-23.1370000000000
-30.0450000000000
-30.7830000000000
-24.6460000000000
-17.2990000000000
-11.9890000000000
-3.04300000000000
7.98900000000000
15.8100000000000
22.3260000000000
16.8780000000000
-1.83100000000000
-13.5730000000000
-17.6000000000000
-18.0320000000000
-13.8430000000000
-14.4780000000000
-21.4950000000000
-22.0650000000000
-14.1190000000000
-3.59400000000000
2.32100000000000
5.96500000000000
8.79900000000000
13.1800000000000
18.9710000000000
17.5010000000000
4.01800000000000
-5.68400000000000
-7.51200000000000
-12.2820000000000
-17.5160000000000
-17.9530000000000
-4.83600000000000
7.51400000000000
15.9580000000000
24.1790000000000
23.7890000000000
16.6090000000000
7.53700000000000
-1.11700000000000
-6.21800000000000
-10.3810000000000
-8.26200000000000
0.191000000000000
2.46900000000000
3.60700000000000
6.35200000000000
6.28500000000000
10.8510000000000
13.4710000000000
9.72300000000000
6.28500000000000
2.26900000000000
1.61200000000000
1.42700000000000
4.28300000000000
7.48000000000000
9.63600000000000
9.43900000000000
1.72200000000000
-4.55500000000000
-7.75000000000000
-11.8740000000000
-15.2720000000000
-11.2040000000000
-0.646000000000000
6.07600000000000
8.57400000000000
8.31100000000000
8.00500000000000
7.96900000000000
11.2570000000000
10.8740000000000
4.12100000000000
0.659000000000000
-2.09000000000000
-2.32800000000000
-2.35600000000000
-4.97800000000000
-9.74600000000000
-7.78200000000000
-3.71300000000000
0.903000000000000
7.33800000000000
8.79400000000000
6.21200000000000
2.41800000000000
1.45600000000000
-0.437000000000000
-3.80900000000000
-4.41000000000000
-1.67800000000000
0.968000000000000
0.0910000000000000
-0.784000000000000
-4.28500000000000
-6.24200000000000
-2.84000000000000
-0.740000000000000
-1.47900000000000
-3.68400000000000
-4.57100000000000
-4.59900000000000
-4.64700000000000
-4.39200000000000
-1.90300000000000
-0.451000000000000
2.56800000000000
8.43900000000000
5.66200000000000
-4.11300000000000
-10.2120000000000
-12.8770000000000
-9.75200000000000
-4.81300000000000
-2.12300000000000
-3.99700000000000
-12.6690000000000
-19.4710000000000
-23.3390000000000
-20.5190000000000
-10.5000000000000
-1.67300000000000
1.08400000000000
1.54500000000000
2.60400000000000
5.71600000000000
11.1150000000000
15.8710000000000
22.4460000000000
27.3910000000000
27.7470000000000
23.7200000000000
17.9790000000000
9.17000000000000
1.56000000000000
-3.64100000000000
-7.38900000000000
-8.43600000000000
-8.05200000000000
-0.670000000000000
4.55700000000000
11.3900000000000
6.29700000000000
-0.918000000000000
-1.47500000000000
-3.05400000000000
-8.03800000000000
-11.3200000000000
-10.3490000000000
-13.0870000000000
-8.21300000000000
-8.95700000000000
-10.2530000000000
-6.68700000000000
0.307000000000000
4.38000000000000
6.78900000000000
12.7050000000000
17.9590000000000
17.6480000000000
12.9720000000000
6.76400000000000
4.45000000000000
4.79900000000000
3.24200000000000
3.32400000000000
2.04400000000000
-1.05000000000000
-3.10100000000000
-5.18000000000000
-11.4150000000000
-18.9840000000000
-22.9120000000000
-17.1910000000000
-10.2850000000000
-4.61400000000000
4.64800000000000
7.05300000000000
-1.30100000000000
-7.85700000000000
-10.7890000000000
-13.4780000000000
-7.44100000000000
-7.26800000000000
-7.62700000000000
-1.25200000000000
0.0540000000000000
0.283000000000000
1.91400000000000
9.62900000000000
15.8490000000000
15.2810000000000
15.1910000000000
13.9600000000000
9.41000000000000
4.99300000000000
3.10800000000000
1.33000000000000
-4.11200000000000
-3.16700000000000
-5.67100000000000
-5.67900000000000
0.482000000000000
-0.795000000000000
-2.38600000000000
-1.67300000000000
4.22600000000000
10.0790000000000
10.1330000000000
5.08100000000000
-3.18300000000000
-7.06400000000000
-2.01600000000000
4.43500000000000
8.63600000000000
11.2610000000000
10.2810000000000
6.53600000000000
0.257000000000000
-5.49400000000000
-6.76700000000000
-5.03900000000000
-3.32400000000000
-0.509000000000000
5.43400000000000
11.4880000000000
16.5770000000000
18.0680000000000
11.7780000000000
5.80100000000000
3.10100000000000
-1.02700000000000
-7.50200000000000
-14.2520000000000
-18.1890000000000
-19.1010000000000
-14.3480000000000
-8.02900000000000
-3.43500000000000
2.14900000000000
8.25200000000000
15.4390000000000
15.5880000000000
8.26600000000000
1.92200000000000
-3.67900000000000
-12.5910000000000
-20.3560000000000
-21.5130000000000
-13.7810000000000
-5.04500000000000
-0.737000000000000
4.55300000000000
5.80500000000000
4.27000000000000
-2.62300000000000
-9.16900000000000
-7.53300000000000
-1.28600000000000
9.72100000000000
19.8270000000000
25.6800000000000
25.1460000000000
12.3680000000000
-1.00700000000000
-6.10700000000000
-7.61200000000000
-7.37400000000000
-10.7940000000000
-12.5940000000000
-10.4480000000000
-7.13800000000000
-1.65600000000000
1.42600000000000
-1.06300000000000
-6.50300000000000
-9.37000000000000
-10.1930000000000
-7.87800000000000
-4.29900000000000
2.30900000000000
11.7220000000000
13.7140000000000
11.6200000000000
9.69700000000000
7.56200000000000
7.10000000000000
1.82300000000000
-6.14200000000000
-10.3960000000000
-8.22500000000000
-0.287000000000000
6.71500000000000
8.08000000000000
8.03400000000000
10.2290000000000
8.06500000000000
4.40300000000000
1.36000000000000
-3.56000000000000
-10.0230000000000
-16.0880000000000
-19.3540000000000
-19.4530000000000
-16.7650000000000
-13.6390000000000
-13.8940000000000
-14.7310000000000
-11.5450000000000
-6.10300000000000
-3.70200000000000
-2.88600000000000
-2.66700000000000
-2.60800000000000
2.11600000000000
9.39700000000000
13.0630000000000
9.16600000000000
5.86100000000000
7.65200000000000
7.54600000000000
2
-3.15700000000000
-3.23100000000000
0.861000000000000
3.85600000000000
0.562000000000000
-0.598000000000000
-0.455000000000000
-0.993000000000000
-4.49300000000000
-11.2500000000000
-15.5190000000000
-15.7310000000000
-12.3670000000000
-10.6900000000000
-9.26500000000000
-5.54000000000000
-0.391000000000000
6.06900000000000
12.8560000000000
14.8240000000000
16.6130000000000
17.7490000000000
14.5600000000000
11.2540000000000
11.2580000000000
15.6320000000000
16.7570000000000
12.0900000000000
5.04500000000000
1.37200000000000
2.36000000000000
3.91800000000000
6.81300000000000
9.86800000000000
11.9150000000000
12.1860000000000
6.85300000000000
5.57500000000000
7.58100000000000
7.09800000000000
5.85100000000000
2.79700000000000
-4.90600000000000
-12.1080000000000
-17.4480000000000
-18.8420000000000
-15.4410000000000
-9.55400000000000
1.73700000000000
10.9340000000000
14.2390000000000
12.7140000000000
8.48400000000000
0.774000000000000
-5.21600000000000
-7.64500000000000
-10.9450000000000
-13.2900000000000
-12.3590000000000
-6.36300000000000
0.972000000000000
3.92400000000000
5.86200000000000
9.85900000000000
10.2600000000000
12.1770000000000
12.0790000000000
2.60200000000000
-2.44600000000000
-8.35800000000000
-11.5450000000000
-13.9010000000000
-15.5310000000000
-9.38900000000000
-8.99300000000000
-6.59500000000000
-3.86000000000000
-1.12300000000000
6.31800000000000
9.32600000000000
6.33300000000000
-0.827000000000000
-7.94500000000000
-10.2210000000000
-10.8620000000000
-6.54600000000000
1.23500000000000
1.67600000000000
-0.807000000000000
-5.07400000000000
-7.99600000000000
-7.14200000000000
-9.98000000000000
-13.4900000000000
-17.3420000000000
-17.7970000000000
-15.2280000000000
-15.2370000000000
-9.83300000000000
-1.61700000000000
5.52500000000000
7.33600000000000
5.03400000000000
2.54100000000000
-3.55300000000000
-6.50600000000000
-3.75400000000000
1.88000000000000
7.56900000000000
10.4300000000000
8.22100000000000
5.35300000000000
5.46300000000000
5.16600000000000
5.65100000000000
6.26200000000000
3.91900000000000
2.66200000000000
2.63300000000000
4.52400000000000
6.59600000000000
9.40100000000000
9.38900000000000
6.47700000000000
8.91100000000000
11.2890000000000
7.68500000000000
3.97600000000000
0.494000000000000
-3.47700000000000
-5.38400000000000
-7.15000000000000
-8.53000000000000
-9.89000000000000
-4.98000000000000
3.79900000000000
10.1770000000000
13.8310000000000
14.8270000000000
12.0600000000000
5.33600000000000
3.27600000000000
1.17900000000000
-4.05000000000000
-4.62600000000000
-4.94800000000000
-4.13200000000000
0.207000000000000
2.06500000000000
-2.82000000000000
-9.89500000000000
-12.1700000000000
-9.45200000000000
-5.10800000000000
1.85300000000000
8.61000000000000
14.1160000000000
16.3880000000000
11.5110000000000
1.22500000000000
-4.38400000000000
-4.41000000000000
-3.32900000000000
-0.600000000000000
1.79900000000000
4.41700000000000
3.50000000000000
-0.227000000000000
-4.09100000000000
-4.60700000000000
-1.66700000000000
1.05500000000000
-2.59100000000000
-6.81600000000000
-7.45800000000000
-7.02200000000000
-8.74500000000000
-11.4550000000000
-15.5780000000000
-15.8540000000000
-10.4200000000000
-6.25500000000000
-1.90700000000000
1.53400000000000
3.20800000000000
6.92700000000000
13.5460000000000
18.1970000000000
17.9230000000000
9.72300000000000
2.95600000000000
-0.214000000000000
4.78800000000000
11.1250000000000
11.7770000000000
10.5260000000000
9.13200000000000
6.31100000000000
2.06800000000000
-1.98700000000000
-5.65100000000000
-6.12700000000000
-1.54000000000000
4.79400000000000
5.73700000000000
0.832000000000000
-3.83900000000000
-2.25600000000000
-0.873000000000000
-0.955000000000000
-1.79700000000000
-4.59000000000000
-6.37000000000000
-5.61900000000000
-4.75300000000000
-7.87700000000000
-10.1210000000000
-6.80100000000000
-6.11300000000000
-5.22700000000000
-3.45700000000000
-3.22000000000000
-3.90200000000000
-6.08600000000000
-4.85400000000000
-2.33200000000000
2.16000000000000
6.00900000000000
2.42300000000000
-3.84900000000000
-7.47000000000000
-6.00600000000000
0.339000000000000
2.09900000000000
1.72300000000000
5.25000000000000
9.14800000000000
8.13000000000000
4.70700000000000
2.60200000000000
4.83700000000000
8.32800000000000
10.5480000000000
10.6660000000000
9.49200000000000
9.74900000000000
9.88200000000000
8.07100000000000
6.82000000000000
7.24100000000000
5.59800000000000
0.373000000000000
-2.99600000000000
-3.77300000000000
-6.60800000000000
-5.60500000000000
-2.59600000000000
-2.53900000000000
-3.35900000000000
-3.23700000000000
-1.54700000000000
1.07200000000000
1.51700000000000
-0.930000000000000
-2.19000000000000
-4.70400000000000
-9.31400000000000
-8.86600000000000
-9.62800000000000
-11.8750000000000
-14.5150000000000
-14.8440000000000
-9.02900000000000
-3.21300000000000
2.96700000000000
6.39800000000000
5.76700000000000
-0.237000000000000
-7.04800000000000
-12.4960000000000
-15.1570000000000
-9.13800000000000
-2.68000000000000
1.31500000000000
2.87300000000000
0.361000000000000
-1.72500000000000
-1.68300000000000
-2.59200000000000
-7.97300000000000
-11.0160000000000
-10.2690000000000
-9.69100000000000
-4.99900000000000
0.568000000000000
2.66800000000000
4.40700000000000
5.10300000000000
2.27200000000000
-1.33400000000000
-1.74700000000000
3.79200000000000
11.1120000000000
14.9250000000000
16.3220000000000
14.7510000000000
13.9320000000000
13.6670000000000
9.57800000000000
1.38700000000000
-5.09000000000000
-2.84500000000000
3.48300000000000
12.1620000000000
18.2940000000000
22.0560000000000
23.5170000000000
21.4940000000000
16.1840000000000
8.57900000000000
2.71900000000000
-3.33200000000000
-7.84600000000000
-4.51800000000000
2.64900000000000
6.18300000000000
11.5480000000000
11.8070000000000
8.06900000000000
5.41100000000000
1.60900000000000
-1.29700000000000
-5.37700000000000
-7.32700000000000
-6.99900000000000
-8.23300000000000
-10.9070000000000
-13.8940000000000
-12.5880000000000
-7.25700000000000
-2.29700000000000
2.03600000000000
1.56700000000000
0.779000000000000
-0.969000000000000
-6.56300000000000
-8.65000000000000
-5.74200000000000
-0.0910000000000000
2.63600000000000
-0.944000000000000
-3.78800000000000
-4.74800000000000
-4.42000000000000
-3.17300000000000
-2.76400000000000
-4.82600000000000
-6.37400000000000
-5.16400000000000
-4.33200000000000
-6.39300000000000
-11.5650000000000
-17.9860000000000
-19.8740000000000
-17.5020000000000
-22.4330000000000
-15.3710000000000
-11.6960000000000
-8.47500000000000
1.43800000000000
3.43700000000000
0.191000000000000
-5.44600000000000
-0.0200000000000000
1.33500000000000
-0.647000000000000
0.504000000000000
3.37900000000000
9.54600000000000
14.6150000000000
11.9790000000000
9.93600000000000
11.5490000000000
14.7890000000000
17.4600000000000
14.2630000000000
10.7400000000000
9.59200000000000
6.28000000000000
-0.751000000000000
-4.24600000000000
-2.29700000000000
-2.82000000000000
-5.90400000000000
-9.72100000000000
-12.2300000000000
-8.60200000000000
-5.89000000000000
-2.54800000000000
-1.46400000000000
-0.550000000000000
3.53200000000000
6.53700000000000
8.00300000000000
4.56600000000000
-0.0710000000000000
-7.42800000000000
-8.43400000000000
-6.00700000000000
-4.91200000000000
-1.55500000000000
2.05900000000000
6.74200000000000
10.0390000000000
11.8190000000000
9.94100000000000
6.17700000000000
3.72400000000000
4.12100000000000
4.85800000000000
5.56000000000000
3.46100000000000
4.50500000000000
7.06000000000000
7.47200000000000
7.86100000000000
5.15700000000000
-2.51000000000000
-8.28000000000000
-8.15800000000000
-5.89400000000000
-3.28800000000000
-2.88900000000000
-5.86400000000000
-9.80500000000000
-6.01200000000000
-1.84700000000000
-0.364000000000000
-1.52500000000000
-1.52500000000000
-1.39000000000000
-1.72500000000000
-1.57200000000000
-1.70500000000000
0.204000000000000
1.61000000000000
3.91200000000000
6.48600000000000
6.05500000000000
6.43300000000000
8.89300000000000
9.36000000000000
10.8700000000000
10.4670000000000
7.91300000000000
3.32300000000000
-0.821000000000000
-1.86200000000000
-1.28300000000000
-0.842000000000000
-4.88700000000000
-7.02700000000000
-6.12300000000000
-4.62700000000000
-0.752000000000000
1.74700000000000
-0.276000000000000
-3.00400000000000
-3.81900000000000
-3.56400000000000
-1.53400000000000
-1.30200000000000
-5.32400000000000
-10.8230000000000
-11.9470000000000
-9.57600000000000
-5.52600000000000
-1.47900000000000
3.63600000000000
6.27600000000000
5.56500000000000
4.60100000000000
1.13100000000000
-2.62200000000000
-5.93500000000000
-5.27500000000000
-5.37400000000000
-5.86500000000000
-8.47600000000000
-8.40600000000000
-3.81400000000000
-3.14500000000000
-2.37800000000000
-4.62500000000000
-7.95400000000000
-6.37900000000000
-3.67800000000000
-1.24200000000000
2.12000000000000
3.84700000000000
4.39800000000000
6.13300000000000
7.97900000000000
9.78200000000000
6.78400000000000
-1.56400000000000
-4.28800000000000
-3.37400000000000
-1.39000000000000
5.03200000000000
10.2710000000000
11.6140000000000
10.4290000000000
11.0380000000000
15.3290000000000
18.1250000000000
12.9430000000000
3.51100000000000
-2.94900000000000
-9.16900000000000
-10.0540000000000
-2.14000000000000
4.35400000000000
5.33200000000000
3.32300000000000
2.37000000000000
4.02100000000000
3.42800000000000
-2.56200000000000
-7.55200000000000
-8.71200000000000
-9.65900000000000
-7.57000000000000
-5.60100000000000
-6.30300000000000
-6.06300000000000
-2.21500000000000
2.52400000000000
2.74400000000000
-1.81500000000000
-3.64400000000000
-1.82500000000000
-0.543000000000000
-3.77600000000000
-7.23800000000000
-8.39100000000000
-4.65700000000000
-2.38000000000000
-2.52000000000000
-2.89200000000000
-2.74400000000000
-1.65700000000000
-4.56300000000000
-4.23500000000000
-6.66600000000000
-4.57800000000000
0.641000000000000
3.91200000000000
6.91200000000000
7.22000000000000
9.16600000000000
16.0520000000000
12.8170000000000
9.30600000000000
5.56300000000000
-2.63100000000000
1.07500000000000
3.66300000000000
9.59800000000000
11.8120000000000
9.95300000000000
6.97700000000000
-2.86300000000000
-9.80300000000000
-10.9750000000000
-13.3400000000000
-13.1210000000000
-8.10200000000000
-3.92500000000000
-1.42900000000000
-5.56200000000000
-5.37100000000000
-3.09600000000000
1.68100000000000
8.01400000000000
2.99300000000000
0.904000000000000
2.13800000000000
4.92800000000000
6.37500000000000
0.311000000000000
-4.49000000000000
-2.70600000000000
0.409000000000000
4.47900000000000
4.72400000000000
2.50900000000000
3.74100000000000
6.17500000000000
6.27500000000000
0.801000000000000
-3.70600000000000
-5.80300000000000
-8.38700000000000
-8.02000000000000
-4.48200000000000
1.10800000000000
4.59900000000000
1.64200000000000
-0.552000000000000
-5.09100000000000
-1.47700000000000
4.09700000000000
2.76000000000000
-0.136000000000000
-6.91200000000000
-8.17200000000000
-12.4040000000000
-12.6340000000000
-6.50200000000000
-2.52900000000000
2.40800000000000
6.26600000000000
7.34100000000000
7.06200000000000
7.65000000000000
6.22000000000000
3.51500000000000
3.37600000000000
5.02400000000000
4.14200000000000
-0.0650000000000000
1.13800000000000
-8.84300000000000
-9.00300000000000
-1.90100000000000
-8.51900000000000
2.93800000000000
4.01600000000000
0.265000000000000
3.81300000000000
-0.829000000000000
-1.47700000000000
1.26700000000000
4.58000000000000
4.56600000000000
-2.39600000000000
-3.93600000000000
-0.108000000000000
-2.41100000000000
-2.37900000000000
-7.00100000000000
-9.45700000000000
-0.293000000000000
3.79200000000000
6.71800000000000
7.18200000000000
3.32900000000000
6.77300000000000
2.18400000000000
-0.152000000000000
3.14200000000000
4.71200000000000
14.8190000000000
13.4980000000000
5.67400000000000
3.00100000000000
1.91600000000000
1.87500000000000
5.50800000000000
5.92500000000000
3.97100000000000
2.15500000000000
-1.74300000000000
-3.50700000000000
-2.55800000000000
0.434000000000000
-0.295000000000000
1.41400000000000
1.44200000000000
-2.23500000000000
-3.39200000000000
-1.39800000000000
-0.0100000000000000
-0.0990000000000000
1.34700000000000
-3.08500000000000
-0.666000000000000
2.10300000000000
-0.796000000000000
1.75000000000000
3.17200000000000
5.81000000000000
4.70300000000000
-2.19500000000000
-9.94800000000000
-15.2620000000000
-13.4030000000000
-12.9820000000000
-9.93800000000000
-6.27400000000000
-5.51600000000000
-3.96700000000000
-6.95500000000000
-8.78400000000000
-10.6680000000000
-10.0340000000000
-8.23600000000000
-4.55300000000000
-0.00600000000000000
1.09500000000000
3.85800000000000
0.940000000000000
0.678000000000000
0.174000000000000
0.376000000000000
3.38400000000000
1.20600000000000
3.75300000000000
8.06600000000000
11.6030000000000
12.7190000000000
12.1840000000000
8.97100000000000
2.37000000000000
-1.87400000000000
-2.66200000000000
-2.78100000000000
-0.0660000000000000
-2.94700000000000
-4.19400000000000
0.494000000000000
4.66800000000000
9.78400000000000
10.6070000000000
8.09900000000000
4.01400000000000
-3.57200000000000
-6.82400000000000
-5.60300000000000
-5.45900000000000
-2.92400000000000
0.162000000000000
-2.38700000000000
-10.1210000000000
-13.4680000000000
-10.0590000000000
0.246000000000000
11.7320000000000
15.9250000000000
14.9500000000000
15.3270000000000
11.7170000000000
5.05900000000000
0.802000000000000
-1.78400000000000
-9.16500000000000
-13.9650000000000
-17.2050000000000
-19.7430000000000
-15.2820000000000
-6.59200000000000
9.16400000000000
19.2770000000000
19.5270000000000
13.2080000000000
-0.900000000000000
-12.5260000000000
-21.2070000000000
-22.4410000000000
-11.6830000000000
-3.27700000000000
4.50400000000000
9.56900000000000
9.48400000000000
12.7480000000000
13.0890000000000
1.16900000000000
-5.82200000000000
-5.39000000000000
-8.92600000000000
-8.55100000000000
-5.29300000000000
2.41200000000000
9.10000000000000
9.55100000000000
7.20800000000000
1.88500000000000
-2.36400000000000
-4.95500000000000
-4.28000000000000
2.39200000000000
7.04000000000000
5.84700000000000
1.18500000000000
-2.15200000000000
1.45600000000000
7.50000000000000
12.4710000000000
12.6450000000000
10.7330000000000
5.53700000000000
-0.895000000000000
-1.77000000000000
-0.346000000000000
-3.02100000000000
-4.76800000000000
-1.97700000000000
2.87200000000000
5.50700000000000
5.92600000000000
9.10800000000000
3.15600000000000
-1.87200000000000
-4.90100000000000
-9.43200000000000
-6.03600000000000
-5.53100000000000
-5.16200000000000
-3.94600000000000
-9.90100000000000
-13.4860000000000
-11.9570000000000
-9.06800000000000
-4.80800000000000
-1.92500000000000
1.74500000000000
3.32500000000000
1.36700000000000
4.41000000000000
3.67800000000000
0.100000000000000
-0.0910000000000000
-0.826000000000000
-3.89100000000000
-6.26300000000000
-3.17200000000000
-0.321000000000000
2.61100000000000
3.85700000000000
-0.0610000000000000
-4.99900000000000
-3.29600000000000
-0.491000000000000
0.0830000000000000
4.15500000000000
6.42200000000000
6.31000000000000
6.63700000000000
3.47900000000000
-0.964000000000000
-0.497000000000000
3.41300000000000
2.53800000000000
-1.73600000000000
-7.02700000000000
-9.95200000000000
-7.48000000000000
-4.93200000000000
-2.53200000000000
-1.31800000000000
0.694000000000000
2.95100000000000
3.22400000000000
4.44500000000000
4.83800000000000
4.55000000000000
1.91500000000000
1.20400000000000
-1.19800000000000
-4.01500000000000
-3.11800000000000
-2.19100000000000
0.992000000000000
3.52700000000000
5.41200000000000
5.16900000000000
3.44800000000000
1.99300000000000
-0.241000000000000
-2.00100000000000
-1.78100000000000
-3.72600000000000
-5.55200000000000
-5.94900000000000
-6.29900000000000
-6.15400000000000
-7.78300000000000
-7.42300000000000
-5.53900000000000
-3.34400000000000
-0.156000000000000
3.55200000000000
7.29800000000000
6.31300000000000
2.77300000000000
1.52100000000000
0.310000000000000
-0.117000000000000
1.11000000000000
1.26400000000000
1.93400000000000
2.56100000000000
-0.436000000000000
0.237000000000000
1.34000000000000
-0.645000000000000
-0.882000000000000
-3.72200000000000
-5.97000000000000
-5.80300000000000
-2.97400000000000
1.57500000000000
3.04900000000000
2.42000000000000
3.03300000000000
2.83300000000000
1.54200000000000
3.01800000000000
3.50200000000000
2.27300000000000
2.87000000000000
2.02400000000000
1.92600000000000
4.05800000000000
1.51300000000000
-0.426000000000000
-0.591000000000000
-2.68300000000000
-1.74300000000000
2.38200000000000
4.34700000000000
3.41100000000000
2.50100000000000
2.80200000000000
2.52300000000000
2.10900000000000
2.40000000000000
-0.467000000000000
-1.90400000000000
-1.21800000000000
-0.704000000000000
0.120000000000000
0.912000000000000
0.161000000000000
-2.06600000000000
-0.981000000000000
0.917000000000000
2.56800000000000
3.42200000000000
1.37400000000000
0.646000000000000
0.695000000000000
0.727000000000000
0.766000000000000
0.533000000000000
-0.427000000000000
-1.86400000000000
-0.864000000000000
-0.466000000000000
-1.58200000000000
-3.62000000000000
-4.24700000000000
-4.54100000000000
-3.59100000000000
-1.74500000000000
-0.319000000000000
2.96100000000000
3.35800000000000
3.60200000000000
3.18000000000000
2.04400000000000
0.841000000000000
-1.29000000000000
-2.60900000000000
-3.02200000000000
-3.95800000000000
-3.46700000000000
-3.16400000000000
-2.03100000000000
-2.80100000000000
-4.30700000000000
-4
-1.47400000000000
3.31600000000000
5.96900000000000
6.44500000000000
3.89900000000000
-1.79200000000000
-6.07200000000000
-7.54700000000000
-7.71100000000000
-6.37400000000000
-9.01200000000000
-7.46400000000000
-4.97900000000000
-3.47800000000000
-1.72100000000000
-3.42600000000000
-2.63800000000000
-3.74700000000000
-2.95100000000000
-1.58600000000000
-1.28900000000000
0.432000000000000
-0.590000000000000
1.49000000000000
4.00300000000000
6.04700000000000
8.77100000000000
7.72300000000000
6.23000000000000
4.48900000000000
3.88200000000000
2.22000000000000
1.44600000000000
0.804000000000000
-0.287000000000000
0.00700000000000000
0.614000000000000
0.713000000000000
0.297000000000000
0.464000000000000
-1.38400000000000
-3.19000000000000
-4.87800000000000
-4.72400000000000
-1.96900000000000
0.666000000000000
2.92300000000000
4.46900000000000
4.57500000000000
4.66900000000000
1.93900000000000
-0.373000000000000
-3.12200000000000
-3.75600000000000
-3.25500000000000
-5.01600000000000
-4.18800000000000
-2.43600000000000
1.05800000000000
6.25200000000000
8.52700000000000
6.65600000000000
5.69700000000000
4.70300000000000
2.90300000000000
2.93000000000000
2.09100000000000
0.161000000000000
-1.00200000000000
-0.511000000000000
0.368000000000000
1.97500000000000
3.50900000000000